00000000005000000000000000000000000000000000000000000000400000000002000000000000000000000000000000000000000000000000000000000000000000000000000000000000000400000000000000000000000000000000000000000000000000000000000000000000000000000000000000000000000000000000000020000000000000300000000000
00000000000000000000000000000000000000000000000000000000000000000000000000000000000000000000000000000000000000000000000000000000000000000000000000000000000000002000040000000000020000000000000100000000000000000000060000000000003000000000000000000000000000000000000000000000000000000000000000
00000003000000000000000000000000000000000000000000000000000000000000000000000000000000000000000000100000000000000000000000000000000000000000000000000000000000000000100000000000000000000000000000000000000000000000000000000000000000000000000000000000000000000000002000000000000000000000000000
00000000000000000000000000000000000000000000000000000000000000000000000000000000000000000000000000000000000000000000000000000000000000000000000000000000000000010000000000000000000000000000000000000000000000000000000000000000000000000000000000000000000000000000000000000000000000000000000000
00000000000000000000000000000000000000000000000000000000000000000000000000000000000000000000000000000000000000000000000000000000000000000000000000000000000000000000000000000000010000000000000000000000000000000002000000000000108000000000000000000000000000000000020000000000000000000000000000
00000000000000000000000000000000000000000000000000000000000000000000000000000000000000000000000000000000010000000000000000000000000000000000000000000000000000000000000000000000000000000000000000000000000000000000000000000000000000000000000300000000000200000000000000000000000000000000010000
00000000000000000000000000000000000000000000003000000000000000000000000000000000000000000000000000000000000000000000000000000000000000000000000000000000000000000000000010000000000000000000000000000000000000000000000000000000000001000000000000000000000000000000000000000000000000000000000000
003000000000000000000000000000000000001201100000000001110000000003000002000020000000000000000011000000000000000000000000000000000000000000000000000000000000000000000000000000000000000000000000000000000000000000000000000000000000000000000000000000000000000000000000000000000000000000000000000
00000000000000000000000000000000000000000000000000000000000000000000000000000000000000000000000000000000000010000000000000000000000000000000000000000000000000000000000000000000000000001000000000000000000000000000000000000000000000000000000003000000000000000000000000000000000000000000000000
00000000000000000000000000000000000000000000000000000000000000000000000000000000000000400100000000000000000000000000000000000000000000000000000000000000000000000000000010000000000000000000000000100000000000000000000000000000000020000000000000000000000000000000000000000000000300000000000000
50000000000000000000000000000000000000000000000000000000000000000000000000000000000000000000000000000000001000000000000000000000000000100000000000000000000000000000000000000000020000000000000000000000000000003001000000000000000000000000000000000000000000000000000011000000000000000000000000
00000000000000000000000000000000000000000000000000000000000000000000000000000000000000000000000000000000000000000000000000000000000000000000000000000000000000000000000000000000000000000000000000000000000000000000000000000000000000000000000000001000000200006000000000000000000000000000000000
00000000000000000000000000000000000000000000000000000000000000000000000000000000000005000200000000000000000000000000000000000000000000000000000000000000000000000000000000000000000000000000000000000000000000000000000000000000000000000000000000000000000000000000000000000000000000001000000000
00000000000000000000000000000000000000000000000000000000000000000000000000000000000000000000000000000000000000000000000000000000000000000000000000000000000000000000000000000000000000000000000000000000000100000000000000000000000000000000000000000000000000000000000000000000000000000000000000
00000000000000000000000000000000000000000000000010000000000000000000000000000000000000000000000000000000000000000000000000000000000000000000000000000000000000000000000000000000000000000000000000000000000010000000000000000001000000000000000000000002000000000000000000000000000000000000000000
00000000000000000000000000000000000000000000000000000000000000000000000000000000000001000000000000000095000000000000000000000000000010000000000000000000000000000000001000000000000000000000000000001000000000000000100000000000000000000000000000000000001000000080000000000001000700000000000200
00000000000000000010220000000020000000000000000000000000000000000000000000000000000000000000000000000000000000000000000000000000000000000000000000000000000000000000000000000000000000000000000000000000000000000000000000000000000000000000000000000000000000000000000000000000000000000000000000
00000000000000000000000000001000000000000000000000000000000000000000000000000000000000000000000000000000000000000000000000000000000000000000000000000000000000000000000000000000000000000000000000000000000000000000000000000000000000000000000000000000000000000000000000000000000000000000000000
00000000000000001000000000000000000100000000000000000000000000000000000000000000000000000000000000000000000000000000000000000000000000000000000000000000000000000000000000000000000000000000000000000000000000000000000000000000000000000000000000000000000000000000000000000000000000000000000000
00000000000000000000000000050000000000000000000000000000000000000000000000000000000000000000000000000000000000000000000000000000000000000000000000000000000000000000000000000000000000000000000000000000000000000000000000000000000000000000000000000000000000000000000000000000000000000000000000
00000000000000002000000100000000010000000000000000000000000000000000000000000000000000000000000000000000000000000000000000000000000000000000000000000000000000000000000000000000000000000000000000000000000000000000000000000000000000000000000000000000000000000000000000000000000000000000000000
00000000000000002000000000000000000000000000000000000000000000000000000000000000000000000000000000000000000000000000000000000000000000000000000000000000000000000000000000000000000000000000000000000000000000000000000000000000000000000000000000000000000000000000000000000000000000000000000000
00000000000000000000001010020000000000000000000000000000000000000000000000000000000000000000000000000000000000000000000000000000000000000000000000000000000000000000000000000000000000000000000000000000000000000000000000000000000000000000000000000000000000000000000000000000000000000000000000
00000000000000000000100010500209100000000000000000000000000000000000000000000000000000000000000000000000000000000000000000000000000000000000000000000000000000000000000000000000000000000000000000000000000000000000000000000000000000000000000000000000000000000000000000000000000000000000000000
00000000000000000000001100001000000000000000000000000000000000000000000000000000000000000000000000000000000000000000000000000000000000000000000000000000000000000000000000000000000000000000000000000000000000000000000000000000000000000000000000000000000000000000000000000000000000000000000000
00000000000000000000000000001000000200000000000000000000000000000000000000000000000000000000000000000000000000000000000000000000000000000000000000000000000000000000000000000000000000000000000000000000000000000000000000000000000000000000000000000000000000000000000000000000000000000000000000
00000000000000000000000500000000001000000000000000000000000000000000000000000000000000000000000000000000000000000000000000000000000000000000000000000000000000000000000000000000000000000000000000000000000000000000000000000000000000000000000000000000000000000000000000000000000000000000000000
00000000000000000005002000011100000000000000000000000000000000000000000000000000000000000000000000000000000000000000000000000000000000000000000000000000000000000000000000000000000000000000000000000000000000000000000000000000000000000000000000000000000000000000000000000000000000000000000000
00000000000000000100000011010000000000000000000000000000000000000000000000000000000000000000000000000000000000000000000000000000000000000000000000000000000000000000000000000000000000000000000000000000000000000000000000000000000000000000000000000000000000000000000000000000000000000000000000
00000000000000000000000200010000000000000000000000000000000000000000000000000000000000000000000000000000000000000000000000000000000000000000000000000000000000000000000000000000000000000000000000000000000000000000000000000000000000000000000000000000000000000000000000000000000000000000000000
00000000000000002000000000000004001000000000000000000000000000000000000000000000000000000000000000000000000000000000000000000000000000000000000000000000000000000000000000000000000000000000000000000000000000000000000000000000000000000000000000000000000000000000000000000000000000000000000000
00000000000000000000000900000040000100000000000000000000000000000000000000000000000000000000000000000000000000000000000000000000000000000000000000000000000000000000000000000000000000000000000000000000000000000000000000000000000000000000000000000000000000000000000000000000000000000000000000
00000000000000000000000100000000000000000000000000000000000000000000000000000000000000000000000000000000000000000000000000000000000000000000000000000000000000000000000000000000000000000000000000000000000000000000000000000000000000000000000000000000000000000000000000000000000000000000000000
00000000000000000000100000000000001000000000000000000000000000000000000000000000000000000000000000000000000000000000000000000000000000000000000000000000000000000000000000000000000000000000000000000000000000000000000000000000000000000000000000000000000000000000000000000000000000000000000000
00000000000000000000000000100010010000000000000000000000000000000000000000000000000000000000000000000000000000000000000000000000000000000000000000000000000000000000000000000000000000000000000000000000000000000000000000000000000000000000000000000000000000000000000000000000000000000000000000
00000000000000000010000002000001000000000000000000000000000000000000000000000000000000000000000000000000000000000000000000000000000000000000000000000000000000000000000000000000000000000000000000000000000000000000000000000000000000000000000000000000000000000000000000000000000000000000000000
00000000000000000000000000000000000000000001000000000000000000000000001000000000000000000000000000000000000000000000000000000000000000000000000000000000000000000000000000000000000000000000000000000000000000000000000000000000000000000000000000000000000000000000000000000000000000000000000000
00000000000000000000000000000000000000000010006600000000000000000000000000400000000000000201000000500000000000000000000000000000000000000000000000000000000000000000000000000000000000000000000000000000000000000000000000000000000000000000000000000000000000000000000000000000000000000000000000
00000001000000000000000000000000000000000320000007132011020001200425000200000000000000000000002170003000000000000000000000000000000000000000000000000000000000000000000000000000000000000000000000001000000000000000000100000000000000000000000000000000000000000000000000000000000000000000000000000
0000000200000000000000000000000000000000010021700803103030002610014000030010303000100052040020000004100000000000000000000000000000010000000000000000000100000000000000000000000000000000000000000000000000000000000000010000000000000000000100000000000000000000000000000000000000000000000000000000
00000000000000000000000000000000000000000000000000000000020000000100000000010000000000000000000000000000000000200000000000000000000000000000000000000000000000000000000000000000000000000000000000000000000000000000000000000000000000000000000000000000000000000000000000000000000000000000000000
0000000110000000000000000000000000000003100001010010010101000111000180000100000017000000000000000000000000000000000000000000000000000000000000000000000000900000000002000000000000000000000000000000000000000000000000000000000000000000000000000000000000000000000000000000000000000000000050000000000
000000000000000000000000000000000000012000000000068000200030610000100000020110000000000000000063000010000000000000000000000000000000000000000000000000000000000000000000000000000000000000000000000000000000000800000000000000000000000000000000000000000000002000000000000000000000000000000000000
00000000000000000000000000000000000010000000003000000000000000000000000000000000000000060000000009000000000000000000000000000000000000000000000000000000000000000000000000000000000000000000000000000000000000000000000000000000000000000000000000000000000000000000000000000000000000000000000000
0000000000000000000000000000000000000002010002500000002000000400040500000000011000000000000000004000000000000000000000000000000000000000000000000000000000000000000000000000000000000000000000000000000000000000000000000000000000000000000000000000000000000000000000000000000000000000000000000000
0000000000000000000000000000000000000001701005010001002000000002011000010006005000000000002021000100000000000000000000000000000000000000000000000000000000000000000000000000000000000000000000000000000000000000000000000000000000000000000000000000000000000000000000000000000000000000000000000000
0000003000000000000000000000000000000600000301001200000000040001700000051000000006000300020110300000090000000000000000000000000000000000000000000000000000000000004000000000000000000000000000000000000000000000000160000000000000000000003000000000000300000000000000000000000000000000000000000000000
00000000000000000000000000000000000006000000000000000000000000000000000000000000000000000004000000000000000000000000000000000000000000000000000000000000000000000000000000000000000000000000000000000000000000000000000000000000000000000000000000000000000000000000000000000000000000000000000000
0000000000000010000000000000000000000008010000120000000000010003010000000000003020110270010000101000000010000000000000000000000300000000000000000000000000000000000000000000000000000000000000000000000001000000000000000000000001000000000000000000000001000000000000000000000000000000000000000000
000000000000000000000000000000000000007000600000000000290200000002000000000000000000000000000000000000000000000000000000000000000000000000000000000000000000000000000000000000000100000000000000000000000000000000000000000000000000000001000000000000000000000000000000000000000000000000000000000
0000000000000000000000000000000000000013300800100000005300000350010000200003002000000000000000000000000000000000000000000000000000000000000000000000000000000000000000000000000000000000000000000000000000000000000000000000000000000000000000000000000000000000000000000000000000000000000000000000
0000000000000000000000000000000000000021010000000000004037000000000000000000000000000000000101000000000000001000000000000000000000000000000000000000000000000000000000000000000000000000000000000002500000000000000000000005000000000000000000000000000000000000020000000000000000000000200000000000
00000001000000000000000000000000000000000000000000000000020001600000001000000000000001040300010000000000000000000000000000000000000000000000000000000000000000000000000000000000000000000000000000000000000000000000000000000000000000000000000000000000000000000000000000000000000000000000000000
000000010000000000000000000000000000001301002200005000030000900020200000070018000000000000001100000000000000000000000000000000000000000000000000000000000000000000000000000000000000000000000000000000000000000000000000000000000000000000000000000000000000000000000000000000000000000000000000000
000000010000000000000000000000000000001000200000029340000000000001000010000000000000000000001002000000000000001000000000000000000000000000000000000000000000000000000000000000000000000000000000000000000000000000000000000000000000000000000000000000000000000000000000000000000000000000000000000
00000000000000000000000000000000000000030100000000000300000000000000100000001000000001000000000000000000000000000000000000000000000000000000000000000000000000000000000000000000000000000000000000000000000000000000000000000000000000000000000000000000000000000000000000000000000000000000000000
400000000000000000000000000000000000002000000000020370000000000006210000000000000200000000000000000000000000000000000000000000000000000000000000000000000000000000000000000000000000000000000000000000000000000800000000000000000000010000000000000000000000000000000000000000000000000000000000000
00000000000000000000000000000000000000002000000000002000000000000000000001010000000000000100000000000000000000000000000000000000000000000000000000000000000000000000000000000000000000000000000000000000000000000000000000000000000000000000000000000000000000000000000000000000000000000000000000
000000000000000000000000000000000000000000300040100000000000000000000000000003000131000012006000000010000000000000000000000000000000000000000000000000000000000000000000000000000000000000000000000000000000000000000000000000000000000000000000000000000000000000000000000000000000000000000000000
00000000000000000000000000000000000000020100000000000000000000000000000000000000000000000000000000000000000000000000000000000000000000000000000000000000000000000000000000000000000000000000000000000000000000000000000000000000000000000000000000000000000000000000000000000000000000000000000000
00000000000000000000000000000000000000160116040000035009000000000010000300000710000000600002000001901000000000000000000000000000000000000000000000000000100000000000003000100000000000000000000000000610000000000000000000000000000000000000000000000000000000000000000000000000000000000000000000100
0000000000000000000000000000000000000021001000000000010000000000011700000000000000000000000000000000000000000000000000000000000000000000000000000000000000000000000000000000000000000000000000000000000000000000000000000000000000000000000000000000000000000000000000000000000000000000000000000000
0000000000000000000000000000000000000000000002170300060000000000100130000001004020000003140000600000000000000000000000000000000000000000000000000000000000000000000000000000000000000000000000000000000000000000000000000000000000000000000000000000000000000000000000000000000000000000000000000000
00000000000000000000000000000000000000000000000000100000000000100000000005000600050010030201001000000000000000000000000000000000000000000000000000000000000000000000000000000000000000000000000000000000000000000000000000000000000000000000000000000000000000000000000000000000000000000000000000
000000030000000000000000000000000000004140180041100120002106000110020000015001201000130003000110000601600000000000000000000000000000000000000000000000000002000000000000000000000000000000100000000000000510000000000000000000000000000000000000000200000000000000000000000000000000000000000000000000000
000000000000000000000000000000000000002010100000000000002000017000000000000000000000001000002010000000000000000000000000000000000000000000000000000000000000000000000000000000000000000000000000000000000000000000000000000000000000000000000000000000000000000000000000000000000000000000000000000
0000000000000000000000000000000000000050000050000000020010000013000000000060000000020050007012101000000000000000000000000000000000000000000000000000000000000000000000000000000000000000000000000000000000000000000000000000000000000000000000000000000000000000000000000000000000000000000000000000
20000000000000000000000000000000000000000000000000000000000000000000010020100000000002020710000010100000000000000000000000000000000000000000000000000000000000000000000000000000000000000001000020000000000000000000000000000000000002200010000000000000000000000000000000000000000000000000000000
00000000000000000000000000000000000000000000000000200001000000000000000000000030000010010001000000000000000000000000000000000000000000000000000000000000000000000000000000000000000000000000000000000000000000000000000000000000000000000000000000000000000000000000000000000000000000000000000000
00000000000000000000000000000000000000030100015000000010000030000001000010100200010000000010020021000000000000000000000000000000000000000000000000000000000000000000000020000000000000000000000000000000000000000000000000000000000000000000000000000000000000000000000000000000000000000000000000
000000020000000000000000000000000000102000000010000010000000000015000000000070000000000000000100000000000000000000000000000000000000000000000000000000000000000000000000000000000000000000000000000000000000000000000000000000000000000000000000000000000000000000000000000000000000000000000000000
00000000000000000000000000000000000000000000000000000000000000000000000000000000000000030701000000000000000000000000000000000000000000000000000000000000000000000000000000000000000000000000000000000000000000000000000000000000000000000000000000000000000000000000000000000000000000000000000000
00000000000000000000000000000000000000010020000000000000000000000002010000000000001001000400010000000000000000000000000000000000000000000000000000000000000000800000000000000000000000000000000090000000000050000000000000000000000000000000000000000000100000000000000000000000000000300000000000
000000000000000000000000000000000000000000000600003007000100001510600000000000000000030700018000000030000000000000000000000000000000000000000000000000000000000000000000000000000000000000000000000000000000000000000000000000000000000000000000000000000000000000000000000000000000000000000000000
00000000000000000000000000000000000004030010000000000000000000002001010000000500000000000101010020300000000000000000000000000000000000000000000000000000000000000000000000000000000000000000000000000000000000000000000000000000000000000000000000000000000010000000000000000000000000000000000000
00000002000000000000000000000000000000001010000000000000010070000000007000000000000000000000000000000000000000000000000000000000000000000000000000000000000000000000000000000000000000000000000000000000000000000000000000000000000000000000000000000000000000000000000000000000000000000000000000
00000000000000000000000000000000000000030170011500002001801000010401000000000000000000030000010500000000000000000000000000000000000000000000000000000000000000000000000000000000000000000000000000000000000000000000000000000000000000000000000000000000000000000000000000000000000000000000000000100
0000000000000000000000000000000000000000000000003000000000300006000002000050000001700007000000000000000003200000000360000000001501000000000200000000000000000000000105000000000400000000000300000000000500000000000070000000000600000000000000000000000000000000000000000000000000010000000000050000
000000000000000000000000000000000000000000000000000000000000002000003000000000000000015030200000000000000000000000000000000000000000000000000000000000000000000000000000000000000000000000000000000000000000000000000000000000000000000000000000000000000000000000000000000000000000000000000000000
00000000000000000000000000000000000000000000006020000000000000000000000000000000000000020000000000000000000000000000000000000000000000000000000000000000000000000000000000000000000000000000000000000000000000000000000000000000000000000000000000000000000000000000000000000000000000000000000000
000000000000000000000000000000000000000100000000000000002000000013000000000000000000090000000000000000000000000060000000000000000300900000000010000000000000000000000000000000000000000000000010000020000000000000000000000000000020000000000000000000000000000000000000000000000000100000000400000
000000000000000000000000000000000000000000000000110000000001300005000001000000017000000022000000000000000002900000000600000000000010000000000000000000000003000000000000000000003000000000003000000000303000000000000000000000001400000000001000000000000001000000000000000000000000030000000000040000
00000000000000000000000000000000000000000000000000000000001000000020000010000000000000000400000000000000000000000000000000000000000000000000000000000000000000000000000000000000000000000000000000000000000000000000000000000000000000000000000000000000000000000000000000000000000000000000000000
00000000000000000000000000000000000000000000003020000000000000000000000000000000000000000002000000000000000000000000000000000000000000000000000000000000000000000000000000000000000000000000000000000000000000000000000000000000000000020000000000000000000000000000000000000000000000000000000000
00000000000000000000000000000000000000050000000070000000000060013000100000003000900000000000001000010000000000020000000006000000000200000000020000000000000000000000000000000000000000000000000000070000000000000000000000000000010000000000200000000000000000040000000000000000200000000000000001
00000000000050010000000000000000000000020000000000001001000000300152000013000015002000001015290300040230100000000000000000700000020000000003001000005000050000020100000000070000000000030000010200090000000800000000000000000000000000000000000000000002000000020000020000000070152000200003000000000
00000000040000000000000000000000000000000000000000000000000000100000000000000700020000502000001000000000010000000000000000000200000000000000000000000000000000000000000000000000000000000000000000000000000000000000000000000000000000000000000000000000000000000000000000000000000000000000000000
000000000000000000000000000000000000000400060020010004000001000430002100307000032000001000312220109001800000000000000000000000000000000000000000000000000000200000000000000000000001000000000000000000000000000000000000000000000000000000000000000000000000000000000000000000000000000000000000000000
000000000000000000000000000000000000000000000211000000000002000001000000000000000000000200000402000200000000000000000000000000000000000000000000000000000000000000000000000000000000000000000000000000000000000000000000000000000000000000000000000000000000000000000000000000000000000000000000000
000000000100200000000000000000000000020000000000000030000100200210770007401000200040015030001020002716000000000130000000005000000000200001000000000020000000000200002000000600000000000700000001100020000000000000000000000000000000000000000000000000002000000000001308000000000000000000007070000200
000000000000000000000000000000000000000200000230000100000000000000010100000010000000020120000000203300000000000000000000000000000000000000000000000000000000000000000000000000000000000000000000000000000000000000000000000000000000000000000000000000000000000000000000000000000000000000000000000
00000000000000000000000000000000000001000000010400000110006000010212010010181000000002090220100030110300000000000000000000000000000000000000000000000000000000001000000000000000000000000000000000000000000000000000000000000000000000000000000000000000000000000000000000000000000000000000000000000
00000000000000000000000000000000000000000000000010010100000000600010001000005000000000004000000000000000000000000000000000000000000000000000000000000000000000000000000000000000000000000000000000000000000000000000000000000000000000000000000000000000000000000000000000000000000000000000000000
00000001000000000000000000000000000000200060000000001000000000000100020010100000000003010203000021500000000000000000000000000000000000000000000000000000000000000000000000000000000000000000000000000000000000000000000000000000000000000000000000000000000000010000000000000000000000000000000000
000000010000000000000000000000000000001700030400010000020000000016010000000000000000010102000000000000000000000000000000000000000000000000000000000000000000000000000000000000000000000000000000000000000000000000000000000000000000000000000000000000000000000000000000000000000000000000000000000
00000000000000000000000000000000000000000000010000000000000010000000000000000000000000090021000003200000000000000000000000000000000000000000000000000000000000000000000000000000000000000000000000000000000000000000000000000000000000000000000000000000000000000000000000000000000000000000000000
000000000000000000000000000000000000000000000000000000000000900016001020000200000000000000001020000400000000000000000000000000000000000000000000000000000000000000000000000000000000000000000000000000000000000000000000000000000000000000000000000000000000000000000000000000000000000000000000000
00000000000000000000000000000000000000040009009000000000000000000000010000000000000004000230010300100000000000000000000000000000000000000000000000000000000000000000000000000000000000000000000000000000000000000000000000000000000000000000000000000000000000000000000000000000000000000000000000
0010000000000000000000000000000000000531000000000000000000001000000100000030000000000001827330502410000000000000000000000000000000000000000000001500000000000000000000000000000000000000000000000000000000000000000000000000000000000000000000000000000000000000000000000000000000000000000000000000
00000000000000000000000000000000000000000010000000000000001000000000000003000000000012000100000000000000000000000000000000000000000000000000000000000000000000000000000000000000000000000000000000000000000000000000000000000000000000000000000000000000000000000000000000000000000000000000000000
00000000000000000000000000000000000000000000000000000000000000000000000000000000000003000600000000000000000000000000000000000000000000000000000000000000000001000000000000020000000000030000000000000000000000000000000000000000000000000000000000000000000000001000000000000000000000000020000000
00000000000000000000000000000000000000000000000000000000000000000000000000000000000000000000000000000040400000000430000000001000000000000000000200000200010000000000000000000000000000000003000000000000000000010000000000000000000000000000000000000000000000000000000000000000000000000002000000
000000000000000900000000000000000000000000000000100000000000000000000000000000000000010000000000000004000000000010000000017001000000000000000010000000000000000000000000000000000000000000000000000000000100000000000000000000000000000001000000000000000000000000000000000000000000000000000000000
00000000000000050000000000000000000000000000000000000000000000000000000000000000000000000000000000000000000000000000000000101000000000000000000010000000000000000000000000000000100000000000000000000000000000000000000000000000000000000010000000200000000000000000000000000000000000000101000000
000000000000000000000000000000000000000000000000000000000000000000000000000003000200000000000000000004005000000000150000000000000000200000000000060000000300000000000005000000007000000000000000000000002000000000000000000000003020000000000000000000000000000000000000000000000000000000200000000
000001000000000000000000000000000000000000000000000000000000000000000000000002000900001000000000000000000000000000014000000000000000000000000000000000000000000000000000000000100000000000000000000000000000000000000000000000000000000000000000000000000000000000000000000000000000000000000010000
00000000001000000000000000000000000000000000000000000000000000000000000000000000000000000000000000000000000000000000010000000000000000000000000000000000000000000000000000000000000000100000000000000000000000000000000000000000000000000000000000000000000000000000000000000000000000000000000000
00000000000000000000000000000000000000000000000000010000000000000000000000000000000000000000000000000000000000000000100000000000000000000000000000000000000000000000000000000000000000000000000000001000000000000000000000000000000000000000000000000000000000000000000000000000000030000000000000
00000000100000000000000000000000000000000000000000000000000000000000000000000000000000000000000000000000000000000000001000000000000000200000000000000000000000000000000000000000000000300000000000000000000000000000000000000000000000000000000000000000000000040000000000000000003000000000000010
00000000000000000000000000000000000000000000000000000010000000000000000000000000000000000000000000000000000000000000000000000000000000000000000000000000000000000000000000000000000000000000000000000000000000000000000000000000000000000000000000000000000000000000000000000000000000000000000000
0000000000000000000000000000000000000000200000000000000000000000000000000000000000000000013000000000000000000000000000000000000000000000000000000000000000000000000000000010000000000000000000000000000000000000000000000000000000000000000000000000000000000000001000000000100000000000000120000000
000000000000000000000000000000000000000000000000000000000000000000000000000000006000200000000000000000000000000017000000000000000100200000000000000000000000000000000300000000001000000000000000000000010000000000000000000000000000000000000000000010000000000000000000000000000000000000000000000
000000000000000000000000000000000000000000000000000000000000000000000000000000000000000000000000000000100000000170000000000000000000300000000000000000000000000000000000000000000000000000000000000000000000000000000000000000000000000000000000000000000000000000000300000000200000000000000000000
00000000000000000000000000000000000000000000000000000000000000000000000000000000000000000000000000000400000000000000000000001000000000000000000000000000200300000000000000000000000000000000000000000000000000000000000000000000001000000000000000000000000000000000200000000000000200000001000000
000000000000000000000000000000000000000000000000000000000000000000000000000003000600000000000000000003001500000000030000000000000000000100000000000000000000200000006000000000000005000000006000000000000000000000000120000000000000000000020300000000000000000000000000000000000000000000000000000
000000000000000000000000000000000000000000000000000000000000000000000000000006000000000000000000000000000140000000000000000000500000000000000000000000000000000000000000000000000000000000000000000000100000000000000000000000000000000001000000000000000000000000000000000000000000000000000000000
00000000000000000000000000000000000000000000000000000000000000000000000000000000000000000000000000000000000100000000000000000030000000000000000000000000000000000000100000300000000000000000000000000000000000000000000000000000000000000000000000010000000000000000000000000000000000000000400000
00000000000000000000000000000000000000000000000000000000000000000000000000000000000000000000000000000000001000000000000000000000000000000000000000000000000000000000000000000000000000000000000000002000000000006000000000000000000000000000000000000000000000000000000000000000000000000000002030
00000000000000000000000000000000000000000000000000000000000000000000000000000000000000000000000000000000000010000000000000000000000000000000000000000000000000000000000000100000000000000000000000000000000000000000000000000000000000000000000000000000000000000000000000200000000010000000000000
00000000000000000000000000000000000000000000000000000000000000000000000000000000000000000000000000000000000000000000000000000000000000000000000000000000000000000000000000000000000000000000000000000000000000000000000000000000000000000000000000000000000000000000000000000000000000000000000000
00000000000000000000000000000000000000000000000000000000000000000000000000000000000007000500000000000000000000000000000000000000000000000000000000000000000000000000000000000000000009000000000000000000000000000000000000000000000000000000000000000000000000000000000000000000000000000000000000
000000000000000000000000000000000000000000000000000000000000000000000000000000000000600000000000000000170000000000000000000000000000000000000000000000000000000000002000000000000000000000003000000000000000000000000000000000000000000000000000000000000000000000000000000000000000000000000000000
00000000000000000000000000000000000000000000000000000000000000000000000000000000000000000000000000000001000000000000000000000000000002000000000000000000000000000000000000000000000000000000000000000000100000000000000000000000000000000000000000000000000000000000000000000000000000000000000000
000000000000000000000000000000000000000000000000000000000000000000000000000000000000000000000000000000000000000000000000000000000000128000000000000000300000000000000000000000000000000000000000000000000000000000000000000000000000000000000000000000003000000000080000000000000000000000000000000
00000000000000000000000000000000000000000000000000000000000000000000000000000000000000000000000000000111000000000100000000000000000000000000000000000000000000000000000000000000000000000000000000000001000000000000100000000000000000000000000000000000000000000010000000000000000000000000000000
000000000000000000000000000000000000000000000000300000000000000000000000000001500000000200000000000000000000000000005000000000000000000010000000000000000000000000000000000000000000000000000000000000000000000000050000000000000000000000000000000000000010000000000000000000000000000000000000000
00000000000000000000000000000000000000000000000000000000000000000000000000000000000000000000000000000000000000000000300000000000000000000000000000000000000000000000000000000000100000401000000000000000000000000000000000000000000000000000000000000000000000000000000000000000000000000000000010
00000000000000000000000000000000000000000000000000000000000000000000000000000100010002000000000000000000000000000000000000000000000000000000000000500000000000000000000000000000000000000000000000000000000000000000000000000000000000000000000000000000000000000000000000000000000000000000000000
00000000000000000000000000000000000000000000000000000000000000000000000000000000300000000000000000000000000000010000000000000000000000000000000000000000000000000000000000000000000000000000000000000000000001000000000001000000000000000000000000000000000000000000000000000000000000000000000000
00000000000000000000000000000000000000010000000000000000000000000000000000000000000000000000000000000000000000000000000000000000000000000003000000000070000000000000000000000000000000000000000000000000000000000000000000000000000000000000000200000000000000000000000000000000000000000000000000
00000000000000000000000000000000000000000000000000000000000000000000000000000000000000000200000000000000000000000000000000000000000000000000000000000000000000000000000000000000000000000000000000000000000000000000000000000000000000000000000000000000000000000000000000000000000000000000000000
00000000000000000000000000000000000000000000000000000000000000000000000000000000900020000000000000000000200000023000000000000000000000000000000000000000000000000000000000000000000000000000000000000000000000000000000000300003000000000000000000100000000000000000000000000000000000000100000000
00000000000000010000000000000000000000000000000000000000000000000000000000000000000000000000000000000000000000000000000000010000000000000000030000000000000000000000000000000000000000000000000000000000000000000000000000000000000000000000000000000001000000000000000000000000000000000000000000
000000000000000000000000000000000000000000000000000000000000000000000000000000000000000000000000000000000000000000000000002280000000000000000000000000000000000001000000000000001000000000000000000000000000000000000000000000000000010000000000000000005000000000000000000000200000000000000000020
00000000001000000000000000000000000000000000000000000000000000000000000000000000000000000000000000000000000020000010000000000000000000000000000000000000000000000000000000000000000000000000000000000000000000000000000000000000000000000000000000000000000000000000000000000400000000000000000000
00000000000000000000000000000000000000000000000000000000000000000000000000000000000000000100000000000000000000000000000000000100000000000000000000000000000000000000000000000000000000000000000000000000000000000000000000000000000000000000000000000000000000000000000000000000000000000000000000
00000000000000000000000000000000000000000000000000000000000000000000000000000000000000000000000000000000000000000000000000000000000000000000000000020000000000000000000000003000000000000000000000000000000000000000000000000000000000000000000000000000000000300000000000000000000000000000000000
00000000000000000000000000000000000000000000000000000000000000000000000000000200000003000000000000000000000000000000000000000000000000000000000000000000000000000000000000000000000000000000000000000000000000000000000000000000000000000000000000000000000000000000000000000000000000000000000000
00000000000000000000000000000000000000000000000000000000000000000000000000000000000000000000000000000000000000000000000000000000000000000000000000000000000000000000000000000002000000000000000000000000000000000000000000000000000000000000000000000000000000000000000000000000000000000000000010
000000000000000000000000000000000000000000000000000000000000000000000000000000000000000000000000000000000000000000000000000000000300000000010000000000130000000000000000000000000000000000000000000000000000000000000000000000000000000000000000000000000000000000000000000000000000000010000000000
00000000000000000000000000000000000000000000000000000000000000000000000000000000000001000000000000000000000000000000000000000000000000000000000000000000000000000000000000000000000000000000000000000000000000000000000000000000000000000000300000000000000000000000000000000000000000000000000000
00000000000000000000000000000000000000000000000000000000000000000000000000000000100020000000000000000010000000000000000000000000000030000000000000000000300000000001000000000000000000000001000000000000000000000000000000000000000000000020000000000000000000000000000000000000000000000000000000
00000000000000000000000000000000000000000000000000000000000000000000000000000000000000000000000000000000000000000000000000000000000000000000000010000000000000000000400000000000000000000000000000000000000000000000000000000000000000000000000000000000000000000000000000000000100000000000000000
000000000000000000000000000000000000000000000000000000000000000000000000000000000000000000000000001500200000000000000000000000000000000000000000000000300000000001000000000000000000000000000020000000000020000000000010000000000000000000000000000000000000000000000000000000201000000000500000300
00000000000000000000000000000000000000000000000000000000000000000000000000000000000000000000000000000001600000000000000000000000000000000000001000000000000000000000000000000000000000000000000000000050000001000000000000000000060000000000000000000000000000000000200000000000000000000000000000
00000000000000000000000000000000000000000000000000000000000000000000000000000000000000000000000000000000000000000000000000000000000000000000000000000000000000000000000000000000000000000000000000000000000001000000000100000000000000000000000000000000000000000000000000000000000000000000000000
00000000000000000000000000000000000000000000000000000000000000000000000000000000000005000200000000000000000000000000000000000005000000000000000000000000000000000000000001000000000001000000000000000000000000000000000000000000000000000000000000000000010000000000000000000000000000000000000000
00000000000000000000000000000000000000000000000000000000000000000000000000000000000000000000000000000000000000000000000000000000000000002000000000000000000000000000000000000000000000001000000000000000000000000000000000000000000000100000000000000000000000000000000003000000000000000000000000
00000000000000000000000000000000000000000000000000000000000000000000000000000000000000000000000000000000000000000000000000000000000000000000000000000000000000000000000003000000000000000000000000000000000000000000000000000000000000000000000000000000000000000000000000000000000000000000000000
00000000000000000000000000000000000000010900000000000000000000002000000000000000000000000000000000000200000000000000000000030000000000000000000300000000000000000000000000000000000000000000000000302000020000000000100000000000000000000000300000000000000000000000000003000000100000000000000000
000000000000000000000000000000000000000000000000000000000000100000000000000000000000000000000000000000000000000000000000000000000700000000013000000000000000000000000000000000000000000000000000000000000000000000000000000000000000000000000000000000000000000000000001000000000000000000000000000
00000000000000000000000000000000000000000000000000000000000000000000000000000000000005000000000000000000000000000000000000000000000000000000000000000000000000000000000000000000000000000000000000000000000000000000000000000000030000000000000000000010000000000000000000000000000000000000000000
000000000000000000000000000000000000000000000000000000000000000000000000000000000300000200000000000000003000000002000000000000000000000000000300000000004000000000000000000000011000000000000000000000000000000000000000000000000000000000000000000000000000000000000100000000000000000000000000000
00000000000000000000000000000000000000000000000000000000000000000000000000000000000000000000000000000100000000000000000000000000000000000000000000000000000000000005100000000000600000000000000000000000000000000000000000000000000000000000000000000000000000000000000000000000000000000000000000
00000000000000000000000000000000000000000000000000000000000000000000000000000000000000000000000000000000000000000000000000000000000000000000000000000000000000000000000000000000000000000000000000000000000000000000000000000000000000000000000000000000000000000000000500000000004000000000000000
40000000000000000000000000000000000000000000000000000000000000000000000000000000000000000000000000000000000000000320000000000000000000000000000000000000000000000000000000000000000000000000000000000000000000000000000040000000000000000000200000000000000000000000000000000000000000000000000000
00000000000000000000000000000000000000000000000000000000000000000000000000000000000000000000000000000000000000000000000000000000000000000000000000000000000000000000000000000000000000000000000000000000000000000000000000000000000000000300000000000000000000000000000000000000000000000000000000
00000000000000000000000000000000000000000000000000000000000000000000000000000000000002000201000000001000000000000000000000000000000000000000000000000000000000000000000001000000000000000000000000000000000000000000000000000000000000000000000000000000000000000000000000000000000000000000000000
000000000000000000000000000000000000000000000040000000000000000000000000800000000000000000000000000000000000000000000000000000000000000000000000000000000000000000000000000000000000000000000000000000000000000000000000000000000000016000000000000700000000000000000000000000000000000000000000000
00010000000000000000000000000000000000000000000000000000000000000000000000000000000001000000000000000000000000000000000000000000000000000000000000000000000000000000000000000000000001000000000000000000000000000000000000000000000000000000000000000000000000000000000000000000000000000000000000
02000000000000000000000000000000000000000200000000000000000000000000000000000000000000000000000000000000000000000000000000000000000001000000000100000000000000000000000000000000000000005000010000000000000010102000000000000001030000000000000000000001000000400000000000000000000000000100000000
00000000000000000000000000000000000000000000000000000000000000000000000000000100000000000000000000000000000000000000000000000000000000000000000000000000000000000000000000000000000000000000000000000000000000000000000000000100000000000000000000000000000000000000000000000000000000000000010000
00000000000000000000000000000000000000000000000000000000000000000000000000000000000000000200000000000000000000000000000000000000000000000000000000000000000000000000000000000000000000000000000000000000000000000000000000000000000000000000400000000000000000000000000000000000000000000000000000
000000000000000000000000000000000000000000000000000000000000000000000000000005000000000000000000000000000000000000600000020000000000000000000100000000000500000000000000000000000000000000013000000000000000000000000200000000000000000000000000000000002000000000000000000000000000000000001000000
00100000000000000000000000000000000000000000000000000000000030000000000000000000000000000000000000000000000000030000100000000000000000000000004000000000010000000000000100000050000000000000000000100000000000010000000000000000000000000000000000000000000003000000000000000000000000000000000000
04000000000000000000000000000000000000000000000000000000000000000000000000000000000000000000000000000000000000000000000000000000000000000000000000000000000000000000000000000000020000000000000000000000000000000000000000000000000000000000000000000000000000000000000000000000000000000000000000
00000000000000010000000000000000000000000000000000000000000000000000000000000000000000000000000000000000500000000000000000000000000000000000000000000000000000000000000000000000000000000000000000000070000000000000002000000000040800000000000000000000000000000000000000000000000000000000000000
00000000000000000000000000000000000000000000000000000000000000000000000000000000000000000000000000000000000000000000000000000000000000000000000000000000000000000000100000000040000000000000000000000040000000000000000000000000000000000000000000000000000000000000000000000000000000000000000000
00000010010000000000000000000000000000000000000000000000000010000000020000000000000000000000000000000000000000000000000000000000000000000000000000000000000000000000000000000000000010000000000000300000000000000000000000000000000000000000000000000000000000000000000000000000000000000000000000
000000000000000000000000000000000000000000000000000000000000000000000000000000000000070006000000000000000000001000000000000000000000000000000000001030000000010000000000000000000000000000000000160000000000000000000000000000000000000000000000000000000010000000100000000000000000000000000000000
00000000000000000000000000000000000000000000000000000000000000000000000000000000000000000000000000000000000000000000301000000000000000000000000000000000000000000000000000000030000000200000000000000000000000000000000000000000000000000000000000000000000000000000000000000000000001000000000000
00000000000000000000000000000000000000000000000000000000000000000000000000000000000000000000000000002000000000000000000000000000000000000000000000000000000000000000000000000000000002000000000000000000000000000000000000000000000000000000000000000000000000000000000000000000000000009000000000
00000000000000000000000000000000000000000000000000000000000000000000000000000000000000000000000000000000000000000000000000000000000000000000000000000000000000000000000000000000000000007000000000100000000000000000000000000000000000000000000003020000000001000000000000000000000030000000001000
00000000000000000000000000000000000000000000000000000000000000000000000000000400030000000000000000000000010000000000000000000000000000000000000000000000000000000000000000000000000000000000000000000000000000000000000000000000000000000000000000000000000000000000000000000000000000000000000000
00000000000000000000000000000000000000000000000000000000000000000000000000000000000000000000000000000000000000000000000000000000000000000000000000000000000000000000500400300000000000000000000000000000000000000000000000000000000000000000000000000000000000000000000000000000100000000000000000
000000000000000000000000000000000000000000000000000000000000000000000000000000000000000100000000000000007000000100000000000000000000010000200000000000001100000000000000000000000000000000000000000000000000000000000000000000000000000000000000000000000000000000000000000000000000000000000000000
00000000000000000000000000000000000000000000000001000000000000000000000000000000000000000000000000000001000000000000000000000010000000000000000000000000060000000000000000000000000500000030000000000000000000000000000000000000000000300000000000300000000000000000000030000000000000000000000200
02001000002000000000000000000000000000000000000000000000000000000000000000000000000000000000000000000000000000000000000000000000000000000000000000000000000000000000020000000000040000000000000000000000000000000000000000000000000000000100000000000000000000000000000000000000000000000000000000
00000000000000000000000000000000000000000000000000000000000000000000000000000000000000000000000000000000000000000050000000000000000000000000000000000000000000000000000000000000000000000000000000000000000000000003000000000000000000000000300020000000000000000000100000000000000000000000000000
00000000000000000000000000000000000000000000000000000000000000000000000000000000000000000000000000000000000000000000000000000000000000000000000000000000000000000000000000000000500000000010000000000000002000000004000000000000200010000100000000000000000000000000000000000000000000000002000000
00000000000000000000000000000000000000000000000000000000000000001000000000000000000000000000000000000000000000000000000000000000000000000000000000000000000000000000000010000000000000000000000000000000000000100000000000000000000000000000000000000000100000000000000000000000000000000000000000
00000000000000000000000000000000000000000000000000000000000000000000000000000000000003000700000000000000000000000000000090000000000000000000000000100000000000010000000000020000000000000000000061000000000000000000000000000000000000000000000000000000000000000000000000003000000000000000000000
00000000000000000000000000000000000000000000000000000000000000000000000000000000000000000000000000000000001030000000000000000040000000000000000000000000000000000000000000200000000000000000000000000000000000000000000000000000000000000000000000000000000000000000200000000000000000000000000000
000000000000000000000000000000000000000000000000000000000000000000000000000000000000000000000000000030000000000000000000000000000000000000000000000000000000000000000000000000000000000000000000100000000000000000000000000000000000000000000000000000000000000000000000000203000000100000000000200
00000000100000000000000000000000000000000000000000000000000000000000000000000000000000000000000000000000000000000000000000000010000000000000000000010000000000005000000000007000000000000000000000000000000000200000000000000000000010000000000002000000000000000000000000000000000000000000001000
00000000000000000000000000000000000000000000000000000000000000000000000000000300030000000000000000000000000000000000000000000000000000000000000000000000000000000000000000000000000000000000000000000100000000000000000000000000000000000000000000000000000000000000000000000000000000000000000000
00000000000000000000000000000000000000000000000000000000000000000000000000000000000000000000000000000000000000000000000000000000000000000000000000000000000000000000000000000000300100000000000000000000000000000000000000000000000000000000000000000000000000000000000000000000000000000000000000
000000000000000000000000000000000000000000000000000000000000000000010000000000000000010000000000000003000000000000600000030000000000000000000100000000000000000000013000000000000000000000000000000000000000000000000100000000000000000000000000000000000000000000000000000000000000000000001000000
00000000000000000000000000000000000000000000000000000000000000000000000000000000000000000000000000000000000000000000000000000000000000000000000000000000000000000000000000000000000000000000000000000000000000000000000000000000000000000000000000000000000000000000000000000000000000000000000000
0000000000000000000000000000000000000000000000000000000000000000000000000000000010000200011000000000000000000000000000000000000000000000000000002000000000000000010000000000000000000000000000000000000000000000000000000000000010000000000000000000000000000000000000000000000000001103000000000700
000000000000000000000000000000000000000000000000000000000000000000000000000000000000000000000000000000000000000000000000000000000000000000000000000000000000000000000000000000000000000000000000000000000011000000000000000000000050000000000000000000000000000000000000000000000000000000000000000
01000000000000000000000000000000000000000000000000000000000000000000000000000000000000000000000000000000000000000000000000000000000000000000000000000000000000000000000000000000000000000000000000000000000000000000000000000000000000000000000000000010000000000000000000000000000000000000000000
000000000000000000000000000000000000000000000000000000000000000000020000900000000000000000000000000000000000000000000000000000000000000000000000000000000000000000000000016000000000006010000000005000000000060000000000000000000000000000000000000000000000000040000000000000000000000000000000000
00000000000000000000000000000000000000000000000000000000000000000000000000000000000009000200000000000000000000000000000000000000000000000000000000000000000000000000000000000000000001000000000050000000000000000000000000000000000000000000000000000000000000000001000000000000000100000000000000
0000000001000000000000000000000000000010000000000000250000000000000000000000000000000000000000000000000000000000000000000000000000000000000000000000000300000000000000100030001000000000000000000000000000000000900000000000010000000000000000000000000000000002000000000000000000000000000000000000
0000000000000000000000000000000000000000000000000000000000006100051000000000000000230070000000000000000000000000000000000000000000000000000000000000000000000000000000000000000000000000000000000000000000000000000000000000000000030000000000000000000000000000000000000000000000000000000000000000
00000000000000010000000000000000000000000000000000000000000000000000000000000000000000000000000000000000000100000000020000000000000000000000000000000200000000000000000000000000000000000000000000000020000000001000000000000000000000000000000000050000000004000000000000000000000000000000003000
00000000000000000000000000000000000000000000000000000000000000000000000000000500030000000000000000000000000000000001000000000000000000000000000000000000000000000000000000000000000000000100000000000000000000000010000000000100000000000000000000000000000000000000000000000000000000000000000000
00000000000000000000000000000000000000000000000000000000000000000000000000000000000000000000000000000000000000010000000000000000000000000000000050000000000000000000007400000000000000000000000000002000000000000000000000000000000000000000000000000000000000000000000000000000000000000000000000
00000000000000000000000000000000000000000000000010000000000000000000000000000000000000000000000000000000200000000000000000001000000000000000000000000000000000000000000000000000000000000000000000000000000000000000000000000000000000000000000000000001000000000000100000000000000000000001000000
00000000000000000000000000000000000000000000000000000000000000000000000000000000000000000000000000000010000000000000000000100000000000000000000000000000000000000000000000000000000000000000000000000000030000000000000000000000010000000000100000000000000000000000000000000000000000000000000000
0000000000000000000000000000000000000000000000000000000000000000000000000000000000000800000000000000000000000000000000000000000000000000000000020000020000000000000000000000000000000000000000000000000030000000000000000000000000000000001000000000000000000000000000000000000000011000000010001005
000000000000000000000000000000000000000000000000000000000000000000000000000000000000000000000000000000000000000000000000000000000000000000000000000000000000000000000000000000000002000000000011000000000000000000000000000000000000000000000300000000000000000000000000000000000000000000000000000
00000000000001000000000000000000000000000000000000000000000000000000000000000000000000000000000000000000000000000000000000000000000000000000000000000000000000000000000000000000000000000000000000000000000000000000000000000000000000000000000000000000000000000000000000000000000000000000000000
00000000000000100000000000000000000000000000000000000000000000000000000050000000000000000000000000000000000000000000000000000000000000000000000000000000000000001000000000000000000000000000000060000000000000000000001000000001000000000000000000000000000000000000001000000000000000000000000000
00000000000000000000000000000000000000000000000000000000000000000000000000000000000000000000000000000000000000000000000000000000100000000000000011000000000000000000000000000000000000000000000000000000000000000000000000000000000000000000000000000000000000000000000000000000000000000000000000
000000000000000000000000000000000000000000800000000000008000000000000000000000000000000000000000000000000000000000000000000000000000000000000000000000000000000010000000000000000000100020000000009000000000000000000000000000000000000000000000000000000000000000000000180000000000000000000000000
00000000000000000000000000000000000000000000000000000000000000000000000000000000000000000000000000000100000000000000000000000000000000000000000000000000000000000000100000000000000000000000000000000000000000000000000000000000000000000000000000000000000000020000000000000000000000000000000000
00000000003000000000000000000000000000000000000000000000000000000000000000000000000000000000000000000000000000000000060000000000000000000000000000000000000000002000000000000000000000000000000000001000000000000009000000000000000000000000000000000000000000000000000000000000000000000000000102
00000000000000000000000000000000000000000000000000000000000000000000000000000000000000000000000000000000000000000000000000000000000000000000000000000000000000000000000000000000000000000000000000000000000000000000000000005000000000000000000000000000000000000000000000000000000000000000000000
000000000000000000000000000000000000000000000000000000000000000000000000000007000000000000000000000000000000000000000000000005000000000000000000000000000000000000000000000000000000000000000000000001000000000000000000000001000000000000000000000000000000000000000000000000000000000001000000000
00002000001000000000000000000000000000000000000000000000000000000000000000000000000000000000000000000000000000000000000000000000000000000000000000000000000000000000000000000000003400000000000000000000000000009000000000000000000000000000000000000000000000000000000000000000000000000000000000
00000000000000010000000000000000000000100000000000000000000000000000000000000000000000000000000000000000000000000010000000001000000000000000000000000100000000000002000000000000000000000001000000000000000000000000000000000000000000000000000000000000000000000000000000000000000000000000000000
06000000000000000000000000000000000000010000000000000000000000000000000000000000000000000000000000000000000000000020000000000000000000000000000100000000000000000000000000000000000000000000000000000000000000000000000000000000100000000004000000000000004000000000010000000100000100000000000100
00000000000000000000000000000000000000000000000000000000000000000000000000000000000000000000000000000000000000000000000000000000000000000000000000000000000000000000002000000000000000000000000000000000000010000000000010000000000000000000000000010000000000000000000001000000000000000000000000
000000000000000000000000000000000000000000000000000000000000000000000000000000000000000000000000000000000000000000000000000000000000000000000000010000000000000000000000000000000000000000000000000000000000000000000000000000400011000000000008000000000000000000000000000000000000000000000000000
00000000000000000000000000000000000000000000000000000000000000000000000000000000000000000000000000000000000000000000000000000000000000000000000000000000000400000000000000000000000000000000000000000000000000000000001000000000000000000300000000000000000000000000000000000000000000000000000000
00000000000000000000000000000000000000000000000000050000000000000000000000000000000000000000000000000000000000000000000000000000100000000000000000000000000000000000000000000000000000000000000000000000000000000000000000000000000070000000000000000000000000000000000000000000000000000000000000
00000000000000000000000000000000000000000000000000000000000000000000000000000000000000000000000000000000000000000000000000000000000300000000000000000000000000000000000000000000000000000000000000000000000000000000000000000000000000000000000000000000000000000000000000000100000000000200000000
00000000000000000000000000000000000000000000000000000000000000000000000000000000000000000000000000000000000000000000000000000000000000000000000000000000000000000000000000000000000000000000000000100000000000000000000000000000000000600000000000000000000000000000000000000000000010000000000000
00000000000000000000000000000000000000000000000000000000000000000000000000000000000000000000000000000000000000000000000000000000000000000000000000000000000000000000000000000000000000000000000000000000000000000500000000000000000000080000000000000000000000000000000000000000000000000000000000
0000000000000000000000000000000000000000000000000000000000000000000000000000060001400000000000000000000000000000000000000000000000000000000000000000000000000000001000000000000000000000000000000000001000000000000100000000000000000000003000000000000000000000000000000000000000000000000000000000
00000000000000000000000000000000000000000000000000000000000000000000000000000000000000000000000000000000000000000000000000000000000000000000000000000000000000000000000000000000000000000000000000000000000000000000000400000000000000000000000000000000000000000000000000000000000000000000000000
00000000000000100000000000000000000000000000000010000000000000000000000000000000000000000000000000000000300000000000000000000000000300000000000000000000000000001000000000000000000000000000010000000000000010000000000000000000000000000000000000000000000000000000000000000100000000000100000000
00001000000000000000000000000000000000000000000000000000000000000000000000000000000000000000000000000000000000000000000000000000000000000000000000000000000000000000000000000000000200000000000000000000000000000000010000000000000000000000000000000000000000000000000000000000000000000001000000
000000000000000000000000000000000000000000000000000000000000000000000000000000002000100000000000000000002000000000000000000000000000000000000000600000030000000030000040000000000000000000000050000300001000000000000000000000000000000000008100000000000000000000000000000100000002000020000000000
030080000000000000000000000000000000000000000000000000000000000000000000000000000000000000000000000000000000000001000000000000000000000000000000000000000000000000000000000000000000000000000000000000000000000000000001100000000000000000000000000000000000000000000000000000000000000000000000000
00000000000000000000000000000000000000000000000000000000000000000000000000000000000000000000000000000000000000000000000000000000000000000000000000000000000000000000008000000000000000000000000000000000000000000000000000000000000000000000000000000000000000000000000000000000000000000000000000
00000000020000000000000000000000000000000000000000000000100000000000000000000000000000000000000000000000000000000000000000000000000001000000000000000000000000000000000000000000000100001000000000000000000000000000000007000000000000000000000000000000000000000000000000000000000000000000000000
000000100000000000000000000000000000000000000030000000000000000000020000000000000000000000000000000000000000000000000000000000000000000000000000000000000000001600000000000000000000000000000000000000000000000000000000000000000000000000000000000000002000000000000000000000000000000000000000000
00000000000000000000000000000000000000000000000000000000000000000002000000000000000000000000000000000000000000000000000000000000000000000000000000010000000000000000000000000000300000000000000000000000000000000000000000060000000000000000000000000000000000000000000000000000000000000000000000
000000000000000000000000000000000000000000000000000000000000000000000000000000000002000000000000000000000000000000000000000000000000000000000000000000000000000000000000000000000000000000000000000000000000000000000000000080000000000000000000000010000000000000000000000000000000000000000000000
00000000000000000000000000000000000000000000000001000000000000000000000000000000010000000000000000000010000000000001000000000000000000000000000000000000000000000000000000000000000000000000000000000000000000000000000000000300000000000000000000000000000000000000000000000600000000000030000000
00000000000000000000000000000000000000010000000000000000000000000000000000000000000000000000000000000000000000000000000000000000000000000000000000000000000030000000000000000000010100000000000000000000000000000000000030000000000000000000000000000000000000000000000000000000000000000000000000
00000000000000000000000000000000000000000000000000000000000000000001000000000000000000000000000000000001000000000020000000000000000000000000020000000000000000000000000000000000000000000000000000000000010000000000000000000000000000000000000000000000000000000000000000000000000000000000000000
00000000000000000000000000000000000000000000000000000000000000000000000000000000000000000000000000000000000000000000000000000000000000000000000000000000000000000000000000000000000000000000000000000000000000000000040000000000000000000000200000000000000000000000000000000000000000000000000000
000000000000000000000000000000000000000000000000000000000000000020000000000000000000200000000000000000000000000000300000000000000000000000003000000003000002000000400000000000000030000000000000000000001030000000000000000000000810000000002000000000000000000000000000001000000001000030000000000
00000000000000000000000000000000000000000000000000000000000000000000000000000000000000000000000000000000000000000000000000000000000000000000000000000000000000000000000000000000000000000000000000000000000000000000000000000000000000000000000000000000000000010000000000000000000000000000000000
00000000000000000000000000000000000000000000000000000000000000000000000000000000000000000000000000000000000000000000000000000000000000000000000000000000000000000000000000000000000000000000000000000000000000000000000800000000000000000000000000000000008000000000000000000000000000000000000000
00000300000000000000000000000000000000000000000000000000000000000000000000000000000000000000000000000000000000000000000000000000020000000000000000000000000000000000000000000000000000000000000000000000000000000000000000000000000000000000000000000000000000000000000000000000000000000000000000
00000000000000000000000000000000000000000000000000000000000000000000000000000000000000000000000000000000000000000000000000000000000000000000000000000000000000000000000000000000002000000000000000000000000000000000000000000000000000000000000000000000000000000000000000000000000000000000000000
00000000300000000000000000000000000000000000000000000000000000000000000000000000000000000000000000000000000000000000000000000000000000000000000000000000000000000000000000003000000000002000000000000000000000000000000000000000000000000000000000000000000000000000000000000000000041000000000000
00000000000000000000000000000000000000000000003000000000000000000000000000000000000000000000000000000002000000000000000000000000000100000000000000000000000000700000000000000000300000000000000000000000000000000000000000000000000000000000000000000000000010000000000000000000000000000000000000
00000000000000000000000000000000000000000000000000000000000000000000000000000000000000000000000000000000000000010000100000000000000000000000000000000000000000000000000000002000000000000000000000005000000000000000001000000000000000000000000000000000000000000020000000000000000010400000000000
000000000001000000000000000000000000000000000000000000000000000000000000000000000000000000000000000000000000000000000000000000000000000000000000000000000000000000000000000000000000000000000000000000000000000000000000000000000000000100000000000000000000100000000000000000000000000000000000000
00000000000000000000000000000000000000000000000000000000000000000000000000000000000002000200000000000000000000000000000000000000000000000000000000000000000000000000000000000000000000000000000000000000000000000000000000000000000000000000000000000000000000000000000000000000000000000000000000
00000000000000000000000000000000000000000000000000000000000000000000000000000000000000000000000000000000000000000000000000000000000000000000000000000001000000000000000000000000000000000000000100000000000000000000000000000000000000000000000000000000000000000000000000000000000000000000000000
00000000000000200000000000000000000000000000000010000000000000000000000000000000010000000000000000000000000000000000000000030000000015000000000000000000000000001002000000000000000000000000000000000001000000000000000000000000000002000000000000000000000000000000000000000000000000000000000000
00000000000000000000000000000000000000000000000000000000000000000000000010000000000000000000000000000000000000000000000000000000000000000000000000000000000000000000000000000000000010000000000000000000000000000000000000000000000000000000000000000000000000000000000000000000000100010000000000
00000000000000000000000000000000000000000000000000000000000000000000000000000000000000000000000000000000000000000000000000000100000000000000000000100000000000000000000001000000000000000000000000000000000000000000000000000000000000000000000000000000000000000000000000000000000000000000000000
00000000000000010000000000000000000000000000000000000000000000000000000000000000000000000000000000000000000000000000000000000000000000000000000000000000000000000000000000000000000000000000000000000000000000000000040000000000000000000000008000000000000000000000030000000000000000000000000000
00000200000200000000000000000000000000000000000000000000000000000000000000000000000000000000000000000000000000000000000000000000000000000000000000000000000000000000000000000000000000000000000000000000000000000000000000000000000000000000000000001000000000001000006000000000000000000000000000
00000000000000000000000000000000000000000000000000000000000000000000000000100000000000000000000000000000000000000000000000000000000000000000000000000000000000000000000000000000000000000000000000000000000000000000000000000000000000000000000000100000000000000000000000000000000000000000000000
00000000000000000000000000000000000000000020000000000000000000000000000000000000000002000000000000000000000000000000000000000000000000000000000000000000000000000000300000001000000000000000000000004000000000000000000000000000000000000000000000000000000000600000000070000000400100300000000000
000000000000000000000000000000000000000000000000000000000000000000000000000000000000000000000000000000000000000000000000000000000000000030000000000000000000000040000000000000000000000000000000000000000000000000000000000000000000000000000000000000000000060000000000018000000000010000000000000
00000000000000000000000000000000000000000000000000020000000000000000000000000000000040000000010000000000000040000000000000000000000000000000000000000000000000000000000000000000000000000000000040000000000000020000000000000000000000000000010000000000000000000000000000000000000000000000000000
00000000000600000000000000000000000000000000000000000000000000000000000000000000000000000000000000001000000000000000000000000000000000000000000000000000000000000000000000000000000000000000000000000000000000000000000000000000000000000000000000000000000100000000005000080000000000000000000000
000000000000000000000000000000000000000000000000000000000000000000000000000000000000000001300000000000000000000100000000000000000000000000000000000000000000000000000000001000000000000000000000000000000000000000000000000000000000000000000000000000000000000000000000000000000000000000000000000
00000000000000080000000000000000000000000000000000000000000000000000000000000000000000000000000000000000000000000000000000081000000000000000000000000000000000000000000000000000000000000000000000000000000000000000000000000000000000000000000000020000000000000000000000000000000000000000000100
00000000000000000000000000000000000000000000000000000000000000000000000000000000000002000800000000000000000000000000000000000000000000000000000000000000000000000000000000000000000000000000000001000000000000000000000000000000000000000000000000000000000000000000001000000000000000000000000000
00000000000000000000000000000000000000000000000000000000000000000000000000000000000000000000000000000000000000003200000000000000000000000000000020000000100000000000000000000000001000200000000000000001000000000000000000000000000000000000000000000000000000000000000000000500000100000001000000
00002000000000000000000000000000000000000000000000000000000000000000000000000000000000000000000000000000000000000000000000000000000000000000000000000000000000000000000000000000000000000000000000000000000000000000010000000000000000000000000000000000003000000000000000000000000000000000000000
00200000000000000000000000000000000000000000000000000000000000000000000000000000000000000000000000000000000000000000000000000000000000000000000000000010000000000000000000000000000000000000000000000000000010000000000000000000000000000000000000000000000600005001000000030000000000010000000000
00000000000000000000000000000000000000000000000000000000000000000000000000000000000000000000000000000000000000000000000000000000000000000000000000000000005000000000000000000000000000000000000000000000000000000000000000000000000000000000000000000000000000000000000000000000001000000000000100
200000000010000000000000000000000000000000000000000000000000000000000000000000000000000000000000000000000000000000000000000000000000000000000000000000000000000000000000000000003000000000000000000000000000001800000000000000000000000000000000000000000000007000000000002000000000000000000500000
000000000010000000000000000000000000000000000000000000000000000000000000000000000000000000000000000000000000000000000000000000000000000000000000000303000000000000000000000000000000000000000000000000000000000000000010000000000000000000001000000000000000001800000000020000000000000000000000030
00000000000000000000000000000000000000000000000000000000000000000000000000000000000000000000000000000000000000000000002000000000000000000000000000000000000000000000000000000000000000000000000000000000000000000000000000000000010000000000000000000000000000000000000000000000000000000000000000
00000000000000000000000000000000000000000000000000000000000000000000000000000000000000000000000000000000000000100000000000000000000000000000000000000000000000000000000000000000000000030000000000000000000000000000000000000000000000000000000000000000000000008000003000000000000000060000000000
00000000000000000000000000000000000000000000000000000000000000000000000000000000000007000000000000000000000000000000000000000000000000000000000000000000000000000000000000000000000003030000000000000000000000000000000000000000000000000000000000000000000000000000000000000000000000000000000000
00000000000000000000000000000000000000000000000000000000000000000000000000000000000000000000000000000000000000002000000000000000000002400000000200000000000000000000000000000000000000000000000000000000000000000000010000100001000000006000000000000000000000000000500000000000000000000100000000
000000000000000000000000000000000000000000000000000000000000000000000000000000000000015000000000000000000000000000000000000000000000000000000000000000000000000000000000000000000000000000000000000000000000000000000000000000000000000000000000000000000000000000000000000000000000000000000000000
00000000000000010000000000000000000000000000000000000000000000000000000000000000000002000000000000000000000000000000000000000000000000000000000100000000000000000000000000000000000000000000000000000000000000000000000000000000000000000000000000000000000000000000000000000000000500000000000000
00000000000000000000000000000000000000000000000000000000000000000000000000000000000020000000000000000000000000000000000000000000000000000000001000000100000000000000000000000010000000000000000000000000000000000000000000000000000000000000000000000000000004000000000000000000000000000000000000
00000000000000000000000000000000000000000000000000000000000000000000000000000100030000000000000000000000000000000000000000000000000000000000000000000000000000000000000000000000000000000000000000000000000000000000000000000000000000000000000000000000000000000000000000000000000000000000000000
00000000000000000000000000000000000000000000000000000000000000000000000000000000000000000000000000000000000030000000000000000000000000000000000000000000004000000000000000000000000000000000000000000000000000000000000000000000020000000000100000000000000000000000000100000000000000000000000000
0000000003000007000000000000000000000000000000000000000000000000000000000000000010000200000000000000000000000000020000000000000000000000000000000000000000000000000000000000000000000001000001100010000000110000000000010000000000000000000000000000000000100001000000100000000005000000000100000500
00000000000000000000000000000000000000000000000000000000000000000000000000000000000000000000000000000000000300000000001000000000000000000000000000000000000000000000000000003000000000000000000000000000000000000000000000010000000000000000000004010000000000100000000000000000000000000000002000
00000000000000000000000000000000000000000000000000000000000000000000000000000000000000000000000000000000000000000000000000000000000000000000000000000000000000000000000000100000000000000000030000000000000000000000000000000000000000000000000001000000000000000000000000000000000000000000000004
30000000000000000000000000000000000000000000000000020000000000000000000030000000000000000000000000000000000000000000000000000000000000000000000000000000000000000000000000000000000000000000000000000000000000000000000000000000000000000000000000040000000003000000000000000000000000000000000000
00000000000000000000000000000000000000000500000000000000000000000000000000000000000000000000000000000000000000000000000000000000000000000001000000000000000000000000000000000000000000000000000000000000000000000000000000000000020000000000300000000000100000000000001000060000000000000500000000
00000000000010000000000000000000000000000000000000000000000000000000000000000000000003000700000000000000000000000000000000000000000000000000000000000000000000000000000000090000000000000000000000000000000000000010000000000000000000000000000000000000000000000000000000000000000000000000000000
00000000000000000000000000000000000000000000000000000000000000000000000000000000000000000000000000000001200000000000000000000000000100000000000500000000000000001000000000000000000000000000000000000000000000000000000000200001000000000000000000000000000000000000000000000100000100050000000000
000000000000000000000000000000000000000000000000000000000000000000000000000000000000000007000000000020000000001200000000000000000000000000000000000000000000000000000000000000000000000000000000000000000000000000000000000000000000000003000000000000000000000000000000000000000000000000000000000
00000000000000000000000000000000000000000000000000000000000000000000000000000000000000000000000000000201000000000100000000000000000000000000000000000000000000000001000000000000000200000001000000000001010000000000000000000000100000000000000000000000000000000000100000000000000000000000000000
00000000000000000000000000000000000000000000000000000000000000000000000000000000400000000000000000000000000000000000400000000000000000000000000000000000000000000000000000000000000000000000000000000000000000000000000000000000000000000000000000000000000000000000000050000000000000000000000000
00000100000000000000000000000000000000000000000000000000000000000000000000000500040000000000000000000000010000000000000000000000000000000000000000000000000000000100000000000000000000000000000000000000000000000000000000000000000000000000000000000000000000000000000000000000000000000000000000
00000000000000000000000000000000000000000000000000000000000000000000000000000000000000000000000000000000000000000000020000000000000000000000000000000000000000000000000000001000000000001000000000003000000000000000000000000000000000000000000000000000000000000000000000000000000020000000000000
000000000000000200000000000000000000000000000000000000000000100000000000000010000000000002000000000000000000000000000000000000000000000000000003000000000000000000000000000000002000000200000700000000000100000001000010000000000000000000000000000000000000000000010000100000000000500000000000000
00000000000000000000000000000000000000000000000000000000000000000000000000000000000000000000000000000000000010000000030000000010000002000010000000000000000000000000000000000000000000000000000000000000000000000000000000000000000000000000000000000000000000000000000003000000000000000000000000
00000000000000000000000000000000000000000000000000000000000000000000000000000000000010000000000000000000000000000000000000000000000000000000000000000000000000000000000000000000000000000000000000000000050000002000000000000000000000000000000000000000000000000000000000000000000004000000000000
