60000000000000000000000000000000000000000000000000000000000000001001000000000700000000000200030000000000000000000000000000000000000000000000000000000100000000002000000000000000000000000010000000000000000000000000000000000000000000200100000000000000000000000030000000000000000000000000200000
01000000000000000000000000000000000000000000000000000000000000000000000000000000000000000000000000000000100000000000000000000000000000000000000000000000000000000000000000000000000000000000000000000000000000000000000000000000000000000000000000000000000000000000000000000000000000000000000000
00000000000000000000000000000000000000000000000000000010000050000000000000000300000000010000000000100000000000000000200000001000000000000000000000000000000000000000000000000000000000000000020000000000000000000000000000000000000000000000000000000000100003000000000000000000000000000000000000
00000000000000000000000000000000000000000000000000000000000000000000000000000000000000000000000000000000000000000000000000000000000000000000000000000000000000000000000000000000000000000000000000000000000000000000000000000000000000000000000000000000000000000000000000000000000000000000000000
00000000000000000000000000000000000000000000000000000000000000000000000000000000000000000000000000000000000000000100000000000000000000000000000000000000000000000000000000000000100100000000000000000000001000000000000000000000400000000200000000000000000000000000700000000004000300000003000000
00000000000000000000000000000000000000000000000000000000000000000000000000000000000000000000000000000000000000000000000000000000000000000000000000100000000000000000000000000000000000000000000000000000000000000000000000000000000000000000000000000000000000000000000000000000000000000000000000
00000000000000200000000000000000000000000020000000000000000000000000010000200100000000000301000000100000000000000000000000000000000000000000000000000000000000000000000010000000000000000000000000000000000000000000000000000000000001000000000000000030000000030000000000000000000000000000000000
00000000000000000000000000000000000000000200000000000020000000000000020010220000000000010101020000100000000000000000000000000000000000000000000000000000000000000000000000000000000000000000000000000000000000000000000000000000000000000000000000000000000000000100000000000000000000000000000100
00000000001000000000000000000000000000000000000000000000000000000000000000000000000000000000000000000000001200002000000000000000000000101000000000000000000000000000000000000000000000000000000000000000100000300000000000000000000000000000000000000000000000000000000000000000000001000000002022
00000000000000000000000000000000000000000000000000000000000000000001000000000000000000000000000000000000000000000000000000002000000000000000000000000000000000000000000000000000000000000000000000000000000000000000000004000000000000000000000000000000000000000000000000000002000100000000000300
20000000000000000000000000000000000000000000000000000000000000000000000000000000000000000000000000000000000000000000000001000010000001200000000000000100002000000000000000000000000000100000000000000000000000001000000000000000000000000000100000000000000000000000000001000000000000000000000000
00000000000000000000000000000000000000000000000000000000000000000000000000000000000000000000000000000000000000000000000000000000000000000000000000000000000000000000000000000000000000000000000000000000000000000000000000000000000000000000000000000000000000000000000000000000000000000000000000
00000100000000000000000000000000000000000000000000000000000000000000000000000000000000000000000000000000000000000000000000000000000000000000000000000000000000000000000000000000000000000000000000000000000000000000000000001000000000010000000500000000000000000000000000000000000000000000000000
00000000000000000000000000000000000000000000000000000000000000000000000000000000000000000000000000000000000000000000000000000000000000000000000000000000000000000000000000000000070000000000000000000000000000000000000000000000000000000001000000000000000000000000020000000000000000000000000000
00000000000000000000000000000000000000000000001000000000000000000000000020000100010003000201000000000000000000000000000000000000000000000000000200000000000000000000000000000000000000000000000000000000000000000000000000000000000000000000000000100000000000000000000000000000300000000000000000
00001000000000010000000000000000000000000000000000000000000000000000000000000000000001000000000000000000000000000800000000001000000000000000200000000000100000000000000000000000000000000000000000000000000000000000300000000000000000000000000000000000001000000000000000000000000000000000000000
00000000000000000000000000000000400000000000000000000000000000000000000000000000000000000000000000000000000000000000000000000000000000000000000000000000000000000000000000000000000000000000000000000000000000000000000000000000000000000000000000000000000000000000000000000000000000000000000000
00000000000000000000000000000000000000000000000000000000000000000000000000000000000000000000000000000000000000000000000000000000000000000000000000000000000000000000000000000000000000000000000000000000000000000000000000000000000000000000000000000000000000000000000000000000000000000000000000
00000000000000000000010000000000000000000000000000000000000000000000000000000000000000000000000000000000000000000000000000000000000000000000000000000000000000000000000000000000000000000000000000000000000000000000000000000000000000000000000000000000000000000000000000000000000000000000000000
00000000000000002000340000010000000000000000000000000000000000000000000000000000000000000000000000000000000000000000000000000000000000000000000000000000000000000000000000000000000000000000000000000000000000000000000000000000000000000000000000000000000000000000000000000000000000000000000000
00000000000000001000020000010200300000000000000000000000000000000000000000000000000000000000000000000000000000000000000000000000000000000000000000000000000000000000000000000000000000000000000000000000000000000000000000000000000000000000000000000000000000000000000000000000000000000000000000
00000000000000000040000000000000100000000000000000000000000000000000000000000000000000000000000000000000000000000000000000000000000000000000000000000000000000000000000000000000000000000000000000000000000000000000000000000000000000000000000000000000000000000000000000000000000000000000000000
00000000000000000000000000000000000000000000000000000000000000000000000000000000000000000000000000000000000000000000000000000000000000000000000000000000000000000000000000000000000000000000000000000000000000000000000000000000000000000000000000000000000000000000000000000000000000000000000000
00000000000000000000000030000100100000000000000000000000000000000000000000000000000000000000000000000000000000000000000000000000000000000000000000000000000000000000000000000000000000000000000000000000000000000000000000000000000000000000000000000000000000000000000000000000000000000000000000
00000000000000002000010000252200011000000000000000000000000000000000000000000000000000000000000000000000000000000000000000000000000000000000000000000000000000000000000000000000000000000000000000000000000000000000000000000000000000000000000000000000000000000000000000000000000000000000000000
00000000000000000000070000000100000200000000000000000000000000000000000000000000000000000000000000000000000000000000000000000000000000000000000000000000000000000000000000000000000000000000000000000000000000000000000000000000000000000000000000000000000000000000000000000000000000000000000000
00000000000000000100000000000200021000000000000000000000000000000000000000000000000000000000000000000000000000000000000000000000000000000000000000000000000000000000000000000000000000000000000000000000000000000000000000000000000000000000000000000000000000000000000000000000000000000000000000
00000000000000000100000000021100000000000000000000000000000000000000000000000000000000000000000000000000000000000000000000000000000000000000000000000000000000000000000000000000000000000000000000000000000000000000000000000000000000000000000000000000000000000000000000000000000000000000000000
00000000000000000060000000000600001000000000000000000000000000000000000000000000000000000000000000000000000000000000000000000000000000000000000000000000000000000000000000000000000000000000000000000000000000000000000000000000000000000000000000000000000000000000000000000000000000000000000000
00000000000000002060000001101000400000000000000000000000000000000000000000000000000000000000000000000000000000000000000000000000000000000000000000000000000000000000000000000000000000000000000000000000000000000000000000000000000000000000000000000000000000000000000000000000000000000000000000
00000000000000001010000000000001312000000000000000000000000000000000000000000000000000000000000000000000000000000000000000000000000000000000000000000000000000000000000000000000000000000000000000000000000000000000000000000000000000000000000000000000000000000000000000000000000000000000000000
00000000000000000000000000000000000000000000000000000000000000000000000000000000000000000000000000000000000000000000000000000000000000000000000000000000000000000000000000000000000000000000000000000000000000000000000000000000000000000000000000000000000000000000000000000000000000000000000000
00000000000000000000000000000000000000000000000000000000000000000000000000000000000000000000000000000000000000000000000000000000000000000000000000000000000000000000000000000000000000000000000000000000000000000000000000000000000000000000000000000000000000000000000000000000000000000000000000
00000000000000000000220001400010001000000000000000000000000000000000000000000000000000000000000000000000000000000000000000000000000000000000000000000000000000000000000000000000000000000000000000000000000000000000000000000000000000000000000000000000000000000000000000000000000000000000000000
00000000000000000100000010010000010100000000000000000000000000000000000000000000000000000000000000000000000000000000000000000000000000000000000000000000000000000000000000000000000000000000000000000000000000000000000000000000000000000000000000000000000000000000000000000000000000000000000000
00000000000000000220010001100002100000000000000000000000000000000000000000000000000000000000000000000000000000000000000000000000000000000000000000000000000000000000000000000000000000000000000000000000000000000000000000000000000000000000000000000000000000000000000000000000000000000000000000
00000000000000000000000000000000000000000000000000000000000000000000000000000000000000000000000000000000000000000000000004000000000010000000000000000000000000000000000000000000000000000000000000000000000000000000000000000000000000000000000000000000000000000000000000000000000000000000000000
0000000000000000000000000000000000000000000000000000000000000000020000000010000000000160001000000000300000000000000000000000000000000000000000000000000000000000000000000000000000000000000000000000000000000000000000000000000000000000000000000000000000000000000000000000000000000000000000000000
00000001000000000000000000000000000000000010000011000010000000005001000000000000010000000100020000000000000000000000000000000010000000000000010000000000001000000000000000000000000000000000000000100000000000000000000000010000000000000000100000000000000000000000000000000000000000000000000000
00000000000000000000000000000000000000000200000000000000000000000000000000002000200010000000000000000000000000000000000000000000000000000000000000000300000000002000000000000000000000000000100000000000000000000000002000000000010000000000000000000000000000000000000000000000000000000000000000
00000000000000000000000000000000000000000000000000000000000000000000000000000000000000000000000000000000000000031000000000800000000000000000000000000000000000000000000000000000000000000000000000000000000000000000000000000000000000000000000000000000000000000000100000000000000000000000000000
000000000000000000000000000000000000000000000000000000000000000000000000000000000100114000000000000000000100000000000000000020000000000000000000000000200000000003000000000000000000000000000200000000000100000000000000000000000030000000100200000000000000000000000000000000000000000000000000000
00000010000000000000000000000000000000000000000001000010000000001000000010000100010000000000000000100000000000020000100000000000000000000000000000000000000000000000000000000000000000000000000000000000000000000000000000000000000000000000000000020000000001000000000000000000000000000010000000
00000000000000000000000000000000000000000000000000000000000000000000000000000000000000000000000000000000000000000000000000000000000000000000000000000000000000000000000000000000000000000000000000000000000000000000000000000000000000000000000000000000000000000000000000000000000000000000000000
000000000000000000000000000000000000000000000100000101000000000001010000000005000000000000000200000000000000000000000000000000000000000000000000000000000000000000000000000000000000000000000000000000000000000000000000000000000000000000000000000000000000000000000000000000000000000000000000000
00000000000000000000000000000000000000000000000000100000000000000000000001000000000000010000000000000000000000000000000000000000000000000000000000000000000000000000000000000000000000000000000000000000000000000000000000000000000000000000000000000000000000000000000000000000000000000000000000
00000000000002000000000000000000000000000000001000000000000000200000000000000300010010000000020000300000010000000000000000000000000000000000000000100000000000000000050000000000070000000000000000000000000000000020000000000000009000000000010000000002000000000000000000000000000000000020000000
00000000000000000000000000000000000000000000000000000000000000000000000000000000000000000000000000000000000000000000000000000000000000000000000000000000000000000000000000000000000000000000000000000000000000000000000000000000000000000000000000000000000000000000000000000000000000000000000000
00000000000000000000000000000000000000000000001000000000002000010000000000000100010100000002000000000010010000261000000000002000000000300000050000000000002000000130000000600000000001000010000000010000000000000000000000000000000000000000000000000000000000100000000000000000000800000000010500
00000001000000000000000000000000000000000000000000000011100000000000000000000200010000010000000000300000000000100000000000000000000000000010000000000000000000000000000010000000100020001000000000000000000000000000000000000000000000000000000000000000000001000000000000000000000000000000000000
00000000000000000000000000000000000000000000000000000200000100010000000001000000000000000000000000000000000000000000000000000000000000000000000000000000000000000000000000000000000000000000000000000000000000000000000000000000000000000000000000000000000000000000000000000000000000000000000000
00100000000000000000000000000000000000000000000001000200000000000000000000000000000000000000000000000000000200000000000000000000200000002001000000000000000000000000000000005000000000000000000000100000000000000000000000000000000010000000000000000000000000000000000000000000000000000000000000
00000000000000000000000000000000000000000000000060040000010000100000000004000000000000050000000000000000000000000000000000000000000000000000000000000000000000000000000000000000000000000000000000000000000000000000000000000000000000000000000000000000000000000000000000000000000000000000000000
00000000000000000000000000000000000000000000000000000000000000000000000000000000000000000000000000000000000000000000000000000000000000000000000000000000000000000000000000000000000000000000000000000000000000000000000000000000000000000000000000000000000000000000000000000000000000000000000000
00000001000000000000000000000000000000100010000001000000100000000000000000101000010000000000000000100000000000000000000001000000000000000000000000000000000000000000000010000000000020000000000000000000000000000000000000000000000000000000000000000000000000000000000000000000000000000000000000
00000000000000000000000000000000000000000000000000000100000000000000000000000010000001000000000000000000000000000000000000000000000000000000000000000000000000000000000000000000000000000000000000000000000000000000000000000000000000000000000000000000000000000000000000000000000000000000000000
00000000000000000000000000000000000000100000000000000000000000001000000000000000000000000000000000000000000000000000000000000000000000000000000000010000000000000000000030000000100020004000000000000000000000100000000000000000000010000000000000000000000000000000000000000000000000000000000000
00000000000000000000000000000000000001100000000060010000000000000000000000000000000000000500000000000000000000000000000000000000000000000000000000000000000000000000000000000000000000000000000000000000000000000000000000000000000000000000000000000000000000000000000000000000000000000000000000
00000000000000000000000000000000000000000000000000000000000000000000000000000000000000000000000000000000000000000000000000000000000000000000000000000000000000000000000000000000000000000000000000000000000000000000000000000000000000000000000000000000000000000000000000000000000000000000000000
00000000000000000000000000000000000000000000000000000201000000000000000000002000000000000000000000000000000000000000000000000000000000000000000000000000000000000000000000000000000000000000000000000000000000000000000000000000000000000000000000000000000000000000000000000000000000000000000000
00000000000000000000000000000000000000000220000000010000000000000000000000001200000001010102000000200000000000000000000000001000000000000000000000000000000000000000000000000010000000000000000000030000000000000000000000000000010000000000000000020000000000000000000000000000000000000000000000
000000000000000000000000000000000000000000000000000000000100000000020000110000000000020202700000000000000000000000000000000000000000000000000000000000000000000000000000000000000000000000000000000000000000000000000000000000000000000000000000000000000000000000000000000000000000000000000000000
00000000000000000000000000000000000000000000000010000400000000000010000000000000000000000000001000000000000000000000000000000000000000000000000000000000000000000000000000000000000000000000000000000000000000000000000000000000000000000000000000000000000000000000000000000000000000000000000000
00000000000000000000000000000000000000000000010000000800000000000000000003000000000000010010000100000000000000000000000000000000000000000000000000000000000000000000000000000000000000000000000000000000000000000000000000000000000000000000000000000000000000000000000000000000000000000000000000
00000000000000000000000000000000000000100000000000000000000000000000000000000200010001010200000000000000000000000000000000000000000000000000000000000000001000000000000000000000000000000000000000000000000000000000000000000000000000000000200000000000000000000000000000000000000000000000000000
000000010000000000000000000000000000000000000000000000000000020000010000630000000000019000101000000000000000000000000000000000000000000000000000000000000000000000000000000000000000000000000000000000000000000000000000000000000000000000000000000000000000000000000000000000000000000000000000000
00000000000000000000000000000000000000000000000000000000000000000000000000000000000000000000000000000000000000000000000000000000000000000000000000000000000000000000000000000000000000000000000000000000000000000000000000000000000000000000000000000000000000000000000000000000000000000000000000
00000000010000000000000000000000000002000400000000000000000000000010000010000000000001010200010020000000000000000000000000000000000000000000000000000000000002000000000001000000000000000000000000000000000000000000000000000000000000000000000000000000000000000001000000001020000100000010000000
00000000000000000000000000000000000000010000000000500102000000000000000000000010000000000000000000000000000000000000000000000000000000000000000000000000000000000000000000000000000000000000000000000000000000000000000000000000000000000000000000000000000000000000000000000000000000000000000000
00000000000100000000000000000000000000010000010000000000000000000002010010001200000000010100010110000000010000000000000000000000000000000001000000000000000000000000000010000000000000000000000000000000000000000000000000000000000000010000000020000000000010001000000000001000000000000000000300
00000001000000000000000000000000000000000000000020000000100004000222000000020000000000000000000000000000000000000000000000000000000000000000000000000000000000000000000000000000000000000000000000000000000000000000000000000000000000000000000000000000000000000000000000000000000000000000000000
00000000000000000000000000000000000000000000000000000000000000000000000000000000000000000000000000000000000000000000000000000000000000000000000000000000000000000000000000000000000000000000000000000000000000000000000000000000000000000000000000000000000000000000000000000000000000000000000000
00000000000000000000000000000000000002000200000000000000000000000002000000000000000002000300000000111000000000000000000000000000000000000000000000000000000000000000000001000000000000000000000000000000000000000000000000000000000000000000000000000000000000000002000000000000000000000000000000
000000000000000000000000000000000000000000000110000100000001000310010000000000000000000010200000000000000000000000000000000000000000000000000000000000000000000000000000000000000000000000000000000000000000000000000000000000000000000000000000000000000000000000000000000000000000000000000000000
00000001000000000000000000000000000002020000000000000000000000000001010010001100000000000101030030200000000000000000000000000000000000000000000000000000000000000000000000000000000000000000000000000000000000000000000000000000000000000000000000000000000020000000000000000000000000000000000000
00000001000000000000000000000000000000000020000000000010300001000300002000000000000000000000000000000000000000000000000000000000000000000000000000000000000000000000000000000000000000000000000000000000000000000000000000000000000000000000000000000000000000000000000000000000000000000000000000
00000000000000000000000000000000000000000200100000100100000000000000000000000000200000000000000000000000000000000000000000000000000000000000000100000000000000000000000010000000000000000000000000000000000000000000000000000000000000000000000000000000000000000001004000000030000000000010000000
00000000000000000000000000000000000000000000000000000000000000000000000030000000020003000300000000210000000000000000000000000000000000000200000000001100000000010000000010000000000000020000000000000000000000000000000000000000000000000000000000000000000000000000000000000000000100000000000000
00000000000000000000000000000000000000000000000000100903000000000000010000000000000000000000000000000000000000000000000000000000000000000000000000000000000000000000000000000000000000000000000000000000000000000000000000000000000000000000000000000000000000000000000000000000000000000000000000
00000000000000000000000000000000000000000000000090000000000000000000000000000000000010000001000000000000000000000000000000000000000000000000000000000000000000000000000000000000000000000000000000000000000000000000000000000100000000000000000000000000000000000000000000000000000000000000000000
00000000000000000000000000000000000000000000000000000000100000001000000000000000000030000000000000000000000000000000000000000000000020000000001000000000000000000000000000000000000000000000010000000000000000000000000000000000000000000000100000000000000030000000000000000002000000000300000000
00000000000000100000000000000000000000000000000020000000000030000002000000001010001001000200000000010000000000300000000000000000000000000100000000001000000000000000000000000000000000000000000000000000000000000000000000000000000000000000000000000000000000000000000000000000000000000000000100
00000000000000000000000000000000000000000000000000000000000000000000000000000000000000000000000000000000000000000000000000000000000000000000000000000000000000000000000000000000000000000000000000000000000000000000000000000000000000000000000000000000000000000000000000000000000000000000000000
00000000000000000000000000000000000000000000001010000000000000000000000000000000000010000000000000000000000000000000000000000000000000000000000000000000000000000000000000000000000000000000000000000000000000000000000000000000000000000000010000000000000000000000000000000000000000000000000000
00000000000000000000000000000000000000000000000010000000000000000000000000000000020100000000000000000000000000000000000000100000000010000000000000000000000000000000000000000000000000000000000000000000220000000000000000000000000000003000000000000000000000000000000000000000000200000001000100
00000000000000000000000000000000000004000000000000000000000000100041000110000120021000010103000000001060000000000001000000000000000000020000000000202000000003000000000003000000000001020000000000000000000000000000000000000000000000000000100000000000000000000211000000001000000000000000000000
02000100000000000000000000000000000000000000000000000000000000000000000000000000000000000000001000000000000000000000000000000000000000010000000000000000000000000000000000000000000001000000000000000000000010000000000000000000000000000000000000001000000100000000000000000000000000000000000000
00000000000000000000000000000000000000000010001020000000000010020002000060001100070101200101000001000000010000000000000000000000000000000000000000000000000000000201000000000400000000000000000000000100000000000010000000000000000000000000000000000000000000000000000000000000000000000000000600
00000000000000000000000000000000000000000000000000000100000000000000000000000000000000000000000000000000000000000000000000000000000000000000000000000000000000000000000000000000000000000000000000000000000000000000000000000000000000000000000000000000000000000000000000000000000000000000000000
00000000000000000000000000000000000005000000000000000000002000100001000110200020001001020001003001033000000000000000000020000000000000300100000000202000000001000000000001020000000004000000000000000000000000000000000000000000000000000000000000000000000000000000000000001000010000000000000100
00000000000000000000000000000000000000010000000000000000000000000001000001000000000000010000000001000000000000000000000000000000000000000000000000000000000000000000000000000000000000000000000000000000000000000000000000000000000000000000000000000000000000000000000000000000000000000000000000
00000000000000000000000000000000000000000000000010000000000000000003000010000100010002210101020000200000000000010000000000000000000000000000000200000000200000000100000000000200000000000002000000000100000000000000000000000000000000000000000000000000000002000000000000000000000000000000010000
00000000000000000000000000000000000000000000000000000100000000000000000000000000000000000000000000000000000000000000000000000000000000000000000000000000000000000000000000000000000000000000000000000000000000000000000000000000000000000000000000000000000000000000000000000000000000000000000000
00000000000000000000000000000000000000000000000000000000000000000003000000000000010001130202000000100000000000000000000000000000000000000000000000000000000000100000000000000000000000000000000020000000000000000000000000000000000000000000000000300000000000000000000000000000000100000000000000
00000000000000000000000000000000000000000000000000000000000000000000000000000000000000000000000000000000000000000000000000000000000000000000000000000000000000000000000000000000000000000000000000000000000000000000000000000000000000000000000000000000000000000000000000000000000000000000000000
00000000000000000000000000000000000000010000000000000000000000000000000000000000000000000011000000000000000000000000000000000000000000000000000000000000000000000000000000000000000000000000000000000000000000000000000000000000000000000000000000000000000000000000000000000000000000000000000000
00000000000000000000000000000000000000000010000000000000000000000002000010200000000003010100012003000000000000000000000000000000000000000000000000000000000000000000000000000000000000000000000000000000000000000000000000000000000000000000000000000000000000000000000000000000000000000000000000
000000000000000000000000000000000000000000000020000000000000000000012000020100000000001000700040300000000000000000000000000000000000000000000000000000000000000000000000000000000000000000000000000000000000000000000000000000000000000000000000000000000000000000000000000000000000000000000000000
00100000000000000000000000000000000000000010000000000000000000000000010010000100010000000002000000000000000000000000001000000000000000000000000100000000000000000000000000000000000000000000000000000000000000000000000000000000000000000000000000000000000000000000000000000000000000000000000000
00000000000000000000000000000000000000000000000000000000000000000000000000000000000000000000000000000000000000000000000000000000000000000000000000000000000000000000000000000000000000000000000000000000000000000000000000000000000000000000000000000000000000000000000000000000000000000000000000
00000000000000000000000000000000000000000000000000000000000000000000000000000000000000000000000000000000000000000000000000000000000000000000000000000000000000000000000000000000000000000000000000000000000000000010000000000000000000000000000000000000000200001000001000030000000000001000000000
00000000000000000000000000000000000000000000000000000000000000000000000000000000000000000000000000000000000000000000000000005000000000300000000100000000000000000000000000000000000000000002010000000000010000000000010000000000000000000000000000000000000000000010000000000001000000000102000100
000000000000000000000000000000000000000000000000000000000000000000000000000000000100070000000000000001100000000000000000000010000000000000000000000000000000000000000000000000000000000000000000000000000300000100000100000000000000000000000000000000000000000000000120000000000000000000000000000
00000000000000030000000000000000000000000000000000000000000000000000000000000000000000000000000000000000000000000100000000000000000000000000000000000000000000000000000000000000000000000000000000000000000000000000000000000000000000000000000000000000000000000000200000000000000000000000000000
01000000000000000000000000000000000000000000000000000000000000000000000000000000000002000000000000000000000000000000001000001000002000000000000000000000000000001000000000000000000000000000001000000000000000000000002000000000030000000000000000000000000000200000000000000000004100000000000100
00000100000200000000000000000000000000000000000000000000000000000000000000000000000000000000000000000000000000000000000000000000000000000100000000001000000000000000000000000000000000000000000000000000000000000000000000000000000000010000000000006000000100000000000000000000000000000000000000
00000000000000000000000000000000000000000000000000000000000000000000000000000000000000000000000000000000000100000000000000000000000000200000000000000000000000001000000000002000000000002000000000000000000000000000000000000000000000000000000000000000000000000000000001000000000010000000003001
00000000000000000000000000000000000000000000000000000000000000000000000000000000000000000000000000000000000000000000010000000000000000000000000000000200000000001000000000001000000000003000000000001000000000000000000000010000000000100000000000000000000002000000000001000000000002000000001006
00000000000000000000000000000000000000000000000000000000000000000000000000000000000000200000000000000000002210000060011000000000000000000000000000000000000000000000000000000020000000001020000000000000000000004000000000000000000000000000000000000000000000000000000100000000000000000000000010
00000000000000000000000000000000000000010100000001000000000000000000000000000000000000000000000000000000000000000000000000000000000000000000000000000000000000000000000000000000000000000000000000000000000000000000000000000000000000000000000000000000000000000000000000000000000000000000000000
00000000000000000000000000000000000000000000000000000000000000000000000000000000000000000100000000000000000000000000000000000000000000000000000000000000000000000000000000000000000000000000000000000000000000000000000000000000000000000000000000000000000000000000001000040000000000010000000000
00000000000000000000000000000000000000005010000000000000000000000000000000000000000000000000000000000000000000000000000000301000000100000000000000000000000000000000200000000000000000000000000000000000000000000000020000010000000000000000000000000000000000000000000000000001000000000000000000
0000000000000000000000000000000000000000000000000000000000000000000000000000000000000000016000000000000000000000000000000000000000002000000000000000000000000000000000000000000000000000000001600000000000500000000000000000000000000000000000000000000000000000000000000000001000000000001000000000
00000000000000010000000000000000000000000000000000000000000000000000000000000000000000000000000000000000000000000000000000000000000000000000000000000000000000000000000000000000000000000000000000000000000000000000000010000000000000000000000000000000001000000000100000000000000100000000000000
00000000000000000000000000000000000000000000000000000000000000000004000000000000000000000200000000000000000000000000000000000000000000100000000500000000000000000010000000000000000000400000000000000000000000000000000000000000000000000000100000000000000000000020000100000001000100000000000100
00000000000100000000000000000000000000000000000000000000000000000000000000000000000000000000000000000000000000000000000000000000000000000000000000001000000000010000000000000000000000000000000000000000000000000000000000000000000000000000000000000000000100002000002000000000000000000000000000
00100000000000000000000000000000000000000000000000000000000000000000000000000100000000000000000000000000000000000000000000000000001000000000000000000000001000000000000010000000000010000000000000000000000000000000000000000000000000000000000000030000000001100000000000000000000011000000000000
000000000000000000000000000000000000000000000000000000000000000000000000000000000000000000000000000000000012000000000000000020000000000000000000000002000010000010000000000000000000000060000010000010000000000000000000000000000000100000000000000100000000000000000000010000000000010000000010012
00000000100000000000000000000000000000000000000000000000000000000000000000000000000000200000000000000000000000000010010000000000000000000000000000000000000000000000000000101000000000000000000000005000000000000000000000000000000000000000000000000000000000000000300000000000001000000000000000
00000000000000000000000000000000000000000000000000000000000000000000000000000100000000000000000000000000000000000000000000000000010000000000000000000000000000000000000000000000000000000000000000000000000000000000000000000000000000000000000000000000000000000000000000000000000000000000000000
00000000000000000000000000000000000000000000000000000000000000000000000000000000000000000000000000000000000000000000000000000000000000000000000000000000000000000000000000000000000001000000000000000000000000000000000000000000000000000000000000000000000000000000001000000000000000010000000000
00000000000000010000000000000000000000000000000000000000000000001000000000000000000000000000010000000000000000000000000000000000000020000010020000000000000000000000000000000000000000000000000000000000000000000000020000000000000000000000000000000000000000000000000000000000000000000000000000
000000000000000000000000000000000000000000000000000000000000000000000000000000000000015000000000000000000000000010000000000000000000200000000000000000100000000001000000000000000100000000000110000000000211000000000000000000000000000000000000000000000000000000000000000000300000000000000000000
00000000000000000000000000000000000000000000000000000000000000000000000000000000000000000000000000000100000000000100000002001000000010400000001000000000000000000000000000000000000000000000000000000000000000000000100000000000000000000000000000000000000000000020000000000001000000000000000000
00000000000000014000000000000000000000000000000000000000000000000000000000000000000000100000000000000030380000000206000000000000000000033000000000000000000000000000000000000000000000000000000000000000000000000000001000100000020000000000000020000200000000000000150600000000307000000000404000000
00000000000000000000000000000000000000000000000000000000000000000000000000000000000000000000000000000000000000000000000000000000000000000000000000000000000000000000000000000000000002010000000013000000000000000000000000000000000000000000000000000000000000001000001000040000000000000000000000
00000000002000000000000000000000000000000000000000000000000000000000000000000000020000000000000000000000000000000000010001000000000000900000020000010000000000000000000000000000000000000000000000000000000000000000000000000000000000000000100000000000000000000000000022000000000000000000000000
00000100000000000000000000000000000000000000000000000000000000000000000000000000000000000000000000000000000000000000000000000000000000000000000000000000000000000000000000000000000000000000000000000000000000000000000000000000000000020000000000000000000000000000000000000000000000000000010000
00000000000000000000000000000000000000200000000001000010000000000002010000000000000001000000010000000000000000000000000000000000000000000000000000000000000000000000200000001010000010000000000000000000000001000000000001000000000000000000000000000000000000000000000000000001000040000000000000
00000100000100000000000000000000000000000000000000010000000020000000000000000000010000000000000000000000000000000000000000000000000000000001000000000030000000000000000010000000000000000000000000000000000000000000000000001000000000010000000600001000000100001000001000010010000000000000000000
000000000000000000000000000000000000000000000000000000000000000000000000000000000100000002000000000000011000000000000000000000000000000000000000000000004000000000000000000000000000000000000000000000000000010000000001000000000000000000000000000000000000000000001500000000000000000100000000500
02000000000000000000000000000000000000000000000000000000000000000000000000000000000000000100000000000000000000005000000000000000000001000000000000000000000000000000000000000000000000000000000000000001000000000000000000000002000000000000000000000000000000000000000000000000000000000000000000
00000000000000000000000000000000000000000000000000000000000000000000000000000000000000000600000000000000000000000000000000010000000000000000000000000000100000000000000000000000000000000000012000000000040000000000000000000000000000000000100000000000000000000000000000000000000000000000000000
000000000000000000000000000000000000000000000000000000000000000000000000000000000000000000000000000000000000000000000000001100000000000000000000000000000000000000000000000000000000000000000000000000001000000000000000000000000000000000000000000000000000000000000200000000200000000000502000010
0000000000000003300000000000000000000000000000000000000000000000000000000000000000000000002000000000001022000000000110000000011000000018000000000000000000002000000000000000000000000000000010000000020000010000000000000000000000000000000010000010000000000000000030300001000205000000000105000000
00000000000100000000000000000000000000000000000000000000000000000000000000000000000000000000000000000000000000000000000000000000000000000000000000000000000000000000000000000000000000000000000000000000000000000000000000000000000000000000000000000000000000000000000000000000000000000000000000
00200000200000000000000000000000000000000000000000000000000000000000000000000000000000000000000000000000000100000000300000000000000000000000000000000000000000000000000000001000000000000000000000003000000000000000000000000000060000000000000000030000000000800000000000000000000002000000000000
00000100000000000000000000000000000000000000000000000000000000000000000000000000000000000000000000000000000000000000000000000000000000000300000000000000000000000000000000000000000000000000000000000000000000000000000000000000000000000000000000001000000000000000000000000000000000000000000000
00000000000000000000000000000000000000000010000002000010100000000000000010000000000000200000000000000000000000000000000000000000000000000000000000000000000000000000000000000000100000003010000000000000000000400000000000000000000010000000000010000000100000000000000000000000000000000000000010
00000100000100000000000000000000000000010100000000010000000000000000000000000000000000000000000000000000000000000000000000000000010000000000000000000000000000000000000000000000000000000000000000000000000000000000000000000000000000020000000000002000000100000000001000000000000000010000010000
00000000000000080000000000000000000000000000000000000000000000000001000000000000000000100000000000000000300000000610000000000000000000000000000100000000000000000001000000000000000000000000000000000000000000000000002000000000000000000000000000000000000000000030000000000000000100000000000300
00000000000000000000000000000000000000000000000000000000000000000000000000000000000000000000000000000350000000000000000002000000000000000000000000000000000000000000000000000000000000000000000000000000000000000000302000000000000000000010000000000000000000000000000001000000000000000000000000
00000000000000000000000000000000000000000000000000000000000000000000000000000000000000000000000000000000000000000000000000000000000000000000000000000000030000000000000000000000300000000000000000000000000000000000000010000000100000000000000000000000000000000000000000000000000000000002000000
00000000000000000000000000000000000000000000000000000000000000000000000000001000100010000000000000000000300000000020000000000000000000000000000000000000000000000000000000000000000000000000040000000000010000000000020030000000000000000000000040000000000000000000000000000101000200000202000100
0000000000000000000000000000000000000000000000000000000000000000000000000000000000000000000000000000000000000000000000000000000000000000000000000000000000000000000001800000000014000000000000000000000000000000000000000000000000200000000000000000000000000000000000400000000000100000000000000000
00000000000000000000000000000000000000000000000000000000000000000000000000000000000000000000000000000000000000000000000000001000000000000000000070000000000000000000020000000010000000000000000000000000000000000000012400000031100000000002000000000000000000000000000000000000000000000000000000
00000000000000000000000000000000000000000000000000000000000000000000000000000000000000000000000000000000000000000000000000000000000000000000000000000000000001000000000000000000000000000000000000000000000000000000000000000000000000010000000000001000000000000000000000000000000000000000010000
00000000000000000000000000000000000000000000000000000000000000000000000000000000000000000000000000000000000000000000010000000030000000000000000000000000000000000000000000000000000000000000000000000000000000001000000000000000000000000000000000000000000000000000000029000000000000000000000011
00000000000200000000000000000000000000000000000000000000000000000000000000000000000000000000000000000000000000000000000000000000000000000000000000000000000000000000000000000000000000000000000000000000000000000000000000000000000000000000000000000000000100000000000000000000000000000000000000
000000000000000000000000000000000000000000000000000000000000000000000000000001000000000000000000000002100000000000100000001000000000002000000000000000000000000000000000000000000000000000000100000100000150000000000000000000000000000000010000000000000000000000000000000000100000001000000001100
00000400000000000000000000000000000000000100000000000000000000000000000000001000000000000000000000000000000000000000000000000000010000000001000000000000000000000000000000000000000000000000000000000000000000000000000000000000000000000000000000000000000100001000002000000000000000010000000000
00000000000000020000000000000000000000000000000000000000000000000000000000000000010000000000000000000500101000000200000000000000000000000000000000000000000000000000000000000000000000000000000000000000000000000000000000000000000000000000000000000000005000000000000000000000000100000000000100
00000000000000000000000000000000000000000000000000000000000000000000000000000000000000000000000000000000000000000000000000000000000000000000000000000000000000000000000000000000000000000000000000000000000000000000000000000000000000000000000000000000000000000000000000000000000000000000000000
00000000000000000000000000000000000000000000000000000000000000000000000000000000000001000000000000000000000000001200000000000000000000000000000000000000000000000000000000000000000000000000000000000000000000000000000000000000000000000000002000000000000000000000000000000001000000000000100000
00000000001000000000000000000000000000000000000060000000000010000000000000000000000000000000000000000000000000000000000000001000100000300000000000000000000000000000000000000030000010000010000000010000000000000000000000000000040000000000200000010000000001300000000111000000000000000000000000
00000000000000030000000000000000000000000000000000000000000000000001000000000000000000000000000000000000000000000000000000000000000000000000000000000000000000000000000000000000000100000001000000000000000000000000000000000000000000000000000000000000000000000000000000000000000000000000200000
00000000000000000000000000000000000000000000000000000000000000000000000000000000000000000000000000000000000000000000000000000000000000000000000000000000000000000000000000000000010100000000000000000000000000000000021000000000101000000304000000000000000000000000000100000000000000000000000000
00000000000200000000000000000000000000000000000000000000000000000000000000000000000000000000000000000000000000000002000000000000000000000000000000000000000000000000000000000000000000000000000000000000000000000000000000000000000000000000000000003000000200000000000000000000000000000000000000
00000030000000000000000000000000000000000000000000000000000000000001030000000300010010210004010000000000000000100000000000000000000000000000000000000000200000000000000000000000000000000000000002000000000000000000000000000000000000000000000000000000000020020000000000000000000000000000000000
00000000000000000000000000000000000000000000000000000000000000000000000000000000000000000000000000000000000000000000000000000000000000000000000000000000000000000000000000000000000000000000000000000000000000000000000000000000000000000000000000000000000000002000001000000000000000000000000000
00000000000000000000000000000000000000000000000000000000000000000000000000000000020000000100000000000000300000000000000000000000000010000000000000000000100000000000000000000000000000000000250000000002000010000000000000000002020000000000000000000000100000200020000000000000000000000500000000
00000000000000000000000000000000000000000000000000000000000000000000000000000000000000000000000000000000000000000000000000000000000000000000000000000000000000000000000000000000000000000000000000000000000000000000000000000000000000000000000000000000000000000000000000000000000000000000000000
000000000000000000000000000000000000000000000000000000000000000000000000000000000000000000000000000001012000000000030000000000000000000000000000000000000000000000000000000000000001000000000000000000000001000000000000000000000000000000000000000000000000000000000320000000000000300000300000100
00000000000000000000000000000000000000000000000000000000000000001001000000000000000000000000000000000000000000000000000000000000000100000000000000000000000000000000000000000000000000000000000000000000000000000000000000000000000000000000000000000000000000000000000000000000000000000000000000
000000000000000600000000000000000000000000000000000000000000000000000000200002000100000001000000001000000000000000000000000000000000200000000000000000000010000000000000000000100000000000000011000000010000000100000000000000000200010000000000000000000000000200000000000000020002001000014000000
00000000000000000000000000000000000000000000000000000000000000000000000000000200000000000000000000000000000000000000000000000000000000000000000010000000000000000000003000000000000000000000000000000000000000000000001000000010000000000000000000000000000000000000000000000000000000000000000000
00000000000000000000000000000000000000000000000000000000000000000000000000000000000000000000000000000000000000000100000000000000000000000000001000000000600000000000000000000000000000000000000000000000000000000000001000000000000000000000000000000000001000000000000000000000200000000000200000
00000000000000000000000000000000000000000000000000000000000000000000000000000000000000000000000000000000000000000000000000000000000000000000000030000000000000000000102000000000000000000000000000000020000000000000020000000010000000000002002000000000000000010000000000000000000100000003000000
00200020000000000000000000000000000000010000000000000010000010000001010000000000000000000000000000000000000001000000000000000000000000000200000000000000000000000000100000000000000010000000010000000000010000000000000000000000000000000000000000000000000000100200000022000000010000000010000000
00000000000100000000000000000000000000000000000000000000000000000000000000000000000000000000000000000000010000000000000000000000000000000000000000002000000000000000000000000000000000000000000000000000000000000000000000000000000000000000000000000000000100003000000000000000000000000000000000
00000000000000000000000000000000000000000000000000000000000000000000000000000000000003000000000000000000400010000000001000004000000000000000000000000000000000000000000000000000000000000000000000000000000000000000000000000000000000000000000000000000000000200000000000000000000200000000000000
00000000000000000000000000000000000000000000000000000000000000000000000000000000000000200000000000000000000000000000000000000100000000000000000000000000000000000000000000000000000000000000000000000000000000000000000000000000000000000000000000000000000000000000000000010000000000000000000000
00000000000000000000000000000000000000000000000000000000000000000000000000000000000000000000000000000000002300000000000000000000000000002000000000000100000000000000000000000000000000000000000000100000000000000000000000010000000000000000000000000000000000200000000000000000000010000000000000
00000000000010000000000000000000000000000000000010000000000000000000010000000000000000000000000000000000000000000000000000000000000000000000000000000000000000000000000000000000000000000000000000000000000000000000000000002000000000000000000400000200000000000000000000000000000000000000000000
000000000000000000000000000000000000000000000000000000000000000000000000000000000200010000000000000000000000000000000000000030002000000000000000000000000020000000004300001600000000000000000000000000040000000000000000000000000010001000020000000020000000000000000000000000004200200000000000000
00000000000000000000000000000000000000000000000000000000000000000000000000000000000000000000000000000000000000000000000000000000000000000000000000000000000000000000000000000000000000000000000000000000000000000000000000000000000000000000000000000000000000000000000000000000000000000000000000
30000000000000000000000000000000000000000000000000000000000000001000000000000200000000000100000000000100000000000000000001000000000010000010000000000200010000000003000000000000000000000010000000000000000000000000100000000002000000000000000010000000100000000000600000000007000000000001000200
00000000000000000000000000000000000000000000000000000000000000000000000000000000000000000000000000000000000000000000000000000000000000000000000000000000000100000000000000000000010000000000000000000000000000000000002000000000000000000000000000000000000000000000000000000000000000000000000000
00000000000000000000000000000000000000000000000000000000000000000000000000000000000000000000000000000009000000000000000000000000000000000000000000000000000000000001000000000000000000000000000000000000000000000000003000000000000000000001000000000000000000000000000000000000500000000000000000
00002000000000000000000000000000000000000000000000000000000000000000000000000000000000000000000000000000000000000000000000000000000000000000000000000000000300000000000000000000004000000020000000000000000000000000003000000000000000000200000000000000000000000000000000200003000000000000100000
00000000000000000000000000000000000000000000000001000020100000000000000000000000000000000000000000200000000000000000100000000020200000002000000000000000000000000000000010000000000010006000000000000000000000000000000000010000000000000000000000000000000000100000000031000000000000000000000000
00000000000000000000000000000000000000000000000000000000000000000000000000000000000000000000000000000000000000000000000000000000000000000000000000000000000000000000000000000000000000000000000000000000000000000000000000000000000000000000000000000000000000002000001000010000000000000000000000
000000000010000000000000000000000000000000000000100000000000000000000000000000000000000001000000000000000000000000110000000000000000000100000000000000100000000000000000000000000000000000010000000000000000000000000000000000000000000000000000000000000000000000000000101000000000000000000000201
00000000000000000000000000000000000000000000000000000000000000000000000000000000000000000000000000000000000000000000000000000200000000000000000000000000000000000000000000000000000000000000000004000000000000000000000000000000000000000000000000000000000000000000000000000000000000000000000000
000000000020000000000000000000000000000000000000000000000000000000000000000000000000000000000000000000000003000000000000000000000000000000300000000000000000000040000000000000001000000000000000000000000000001000000000000000000000100000000000000000001000000000000000010000000000000000000001000
00000500000000000000000000000000000000000000000000000000000000000000000000000000000000000000000000000000000000000000000000000000000000000000000000000000000000000000000000000000000000000000000000000000000000000000000000000000000000050000000000000000000000000200000000000000000000000000000000
40000000001000000000000000000000000000000000000000000000000000000001000000000000000000100100010000000000000000000000000000000000000000800010000000000000001000000000000000000000300000600010000000000000000000000000000000000000000000000000200010000000000000000000020210000000000000000000400100
00000000000000000000000000000000000000000000000000000000000000000000000000000000000000000000000000000000000000000000000000000000000000000000000000000000000000000000000000000000000000000000000000000000000000000000000000000000000000000000000000000000000000000000000000000000000000000000000000
00000000000000000000000000000000000000000000000000000000000000000000000000000000200020000000000000000000000000000000000000000000000000000000000000000000000000000000000000000000000000000000000000000000000000000000001000000000000000000000000000000000000000000000000000000001000000000002000000
00000000000000000000000000000000000000000000000000000000000000000000000000000100020000000600000000000160000000004000000000000000000000000000000100000000000000002000000000000000000000000000000000000000130000000000000000000000000000000000000000000000000000000020000000000006000000100102000000
010000000000000300000000000000000000000000000000000000000000000000000000000000000000000000000000000001033000000000000000000000000000000000001002000000000000000000000011000000000000000000000000000000000000020000000002000000000001000000000000000000000000000200200000000001100000000000107000700
01000000000000000000000000000000000000000000000000000000000000000000000000000000000000000000000000000000000000000000000000000000000000000000000000000000000000000000030000000000000000000000000000000000000000000000020000000000100000000003000000000020004000000000000000000000000000000000000000
00000000000000000000000000000000000000000000000010000000000000000004000070000500090001000102020000000000000000000000000000000000000000000000000000000000000000000000000000000000000000000000000000000000000020000000000000000000000000000000000000000000000000000000000000000000000000000000000300
00000000000000000000000000000000000000000000000000000000000000000000000000000000000000000000000000000000000000000000000000000000000000000000000000000000000000000000000000000000000000000000000000000000000000000000000000000000000000000000000000000000000000000000001000000000000000000000000000
000000000100000000000000000000000000000000000000000000000000000000000000000000000000000000000000000000000001000000000000000000003000000010000000000001000000000000000000000027000000000001000000000000000000000000000000000010000000000000000000000000000000000000000000000000000000010000000000000
00000000000000000000000000000000000000000000000030000000000010002002000000000300030004020301000000000000000000000000000000002000000000200000000000000000001000000000000000000000000000000020000000000000000000000000000000000000000000000000000000000000000000000000000300000000004000000000000000
000000000000000000000000000000000000000000000000000000000000000000000000000000000000000000000000000000000003000000000100000000000000000000000000000000000000000000000000000000000000000000000000000000000000000010000000000000000000000000000000000000000000000000000000000000000000026000000000000
00000201000100000000000000000000000000000000000000000000000000000000000000000000000000000000000000000000000000000000000000000000000000000000000000000000000000000000000000000000000000000200000000000000000000000000000000000000000000000000000000001000000300000000000000001000000000001000000000
00000000000000000000000000000000000000000000000000000000000000000000000000000100000000000000000000000000000000010000000000000000000000000000020000000000100000000000102300000040000000000000001000000001000000000000000000030000000100000000001000000000000000010000000000000000000000000000000000
00000000000000000000000000000000000000000000000000000000000000000000000000000000000000000000000000000000000000000000000000000000000000000000000000000000000000000000000000000000000000000000000000000000000000000000000000000000000000000000000000000000000000000000000000000000000000000001000000
00000000000000000000000000000000000000010000000000000000000000000000000000000000600020000000000000000010000000000000000000000000000000000000000000000000000000000000000000000000000000000000010000000000000000000000000000000000000000000000000000000000000000000000000000000102001000000000000000
00000000000000000000000000000000000000000000000000000000000000000000000000000100180002000100000000000030000000001060000000100000000010000000000000000600000000000000000000000000000000000000010000000000000000000000000000000000000000002000000000000000000000000000000000000303000000000103000000
000000000000000000000000000000000000000000000000000000000000000000000000000000000000000000000000000002000000000001100000000000000000000000000000000000000000000000100000000000000000000000000000000000000000000000000000000000000000000000040000100000000000000000100000000000000000200000806000000
00000000000001000000000000000000000000000000000000000000000000000000000000000200000000000000000000000000000000000000000000000000000000000000000000000000010000000000000000000000082000200000000000000000000000000000011000000000000000000001000000000000000000000000040000000000000000000000000000
0000000000000000000000000000000000000000000000000000000000000000000700001900002000600010001100000000000000000000000000000050000000000000000000000000000000000000003000000000000000000000000000000000000000000000000000000000000000000000000000000000000000000000030000006000300000000000000000000000
000000000000000000000000000000000000000000000000000000000000000000000000000000000000000000000000000000000000000200000000000010000000000000000040100000000000000000000000000000000000000000000010000000010000000000000001000100000001000000000000000000000000000000000000000000002000000002008001000
000000000000000000000000000000000000000000000000000000000000000000000000000000000000000000000000000000000000000000000000000000000000000000200000000000000000000040000000000000000000000014000000000000000000000000000000000000000000000000000000000000000000000000000000000000000000000000000000000
00000000000000000000000000000000000000000000000000000000000000000000000000000000000000000000000000000010000000000000000000000000000000000000020000000000000000000000000000000000000000000000000100000000000000000000000000000000000000000000000000000000000000010000000000000100000000000100000000
000000000000000000000000000000000000000000000000000000000000000000000000000000000000000000000000000000000001300000000000000000300000000000000000000000000000000000000000000000000000000000000000000000000000000010000000000000000000000000000000000000000000000000000000000000000000000000000000024
00000000000000000000000000000000000000000000000000000000000000000000000000000000000000000000000000000000000000000000000000000000000000000000000000000000000000000000000000000000000000000000000000000000000000000000000000000000000000000000000000000000000000000000000000000000000000000000000000
00000000000100000000000000000000000000000000000000000000000000000000000000000000000000000000000000000000000000000000000000000000000000000000000000000000000000000000000000000000000000000000000000000000000000000000000000000000000000000000000000000000000600001000000000001000000000001000000000
100010000000000000000000000000000000000000000000000000000000000000000000000000000000000000000000000000020000000000000000000000000000000000000020000000000000000000000000000000000000000000100000000000000001000000001000000000000000000000000000010000000000000000000000000000000100000000000100000
00000000000000000000000000000000000000000000000000000000000000000000000000000000000000000000000000000000000000000000000000000000000000000000000000000000000000000000000000000000000000000000000000000000000000000000000000000000000000000000000000000000000000000000000000100000000000000000000000
01000000000000000000000000000000000000000000000000000000000000000000000000000000000000000000000000000001200000000100000000000000000000000000000100000000000000000000000000000000000000000000000000000000000000000000000000000000000000000000000000000000000000000000000000000000000000000100000000
0000000000000000000000000000000000000000000000000000000000000000000000000000000000000000000000000000000000000000003000000000300000300080000000002100000000021000000001130000000001120000000000000000000000000030000000200300000001000000000000000400300000000001700000000501000000000000000000000003
00000000000000000000000000000000000000000000000000000000000000000000000000000000000000000000000000000002000000000000000000000000000000000000000001000000000000000000010000000000000000000000001000000000000000000000000000000010000000000000004000000000000000000000000000000000000000000000000000
00000000000000000000000000000000000000000000003000000000000000000000000000000000000000000000000000000000000000000200000000000000000000000000101000000000010400000000000000000000030000000000000000000000001000000000600000000000000000000000000000000000000000000010000000000000000300000000700000
000000000000000000000000000000000000000000000000000100000000000000000000000000000000000000000000000000000000000000000000000000000000000000000000000000000000000000000000010000000000000000000000000900000000000000000000000000000000000000000000000000000000000000000000000000000000000000000000000
00000000000000000000000000000000000000000000000000000000000000000000000000000000000000000000000000000001000000001000000000000000000100000000000000000000010000000000000000000000000000000000000000000000000000000000000000000000000000000000000000000000000000000000000000000000000000000000000000
00200000000000000000000000000000000000000000000000000000000000000001000040000100010005000001020000200000000000030000000000000000000000000000000010000100000000000000000000002030000000000000001000000010000001000000000000000000000000000000000000000000000001000000000000000000400000100000001000
00000000000000000000000000000000000000000000000000000000000000000000000000000000000000000000000000000000000000000000000000000000000000000000000000000000000000000000000000000000000000000000000000000000000000000000000000000000000000000000000100000000000000000000000000000000000000000000000000
00000000000000000000000000000000000000000000000000000000000000000000000000000000000000000000000000002000000000100000000000000000000000000000000000000000000000000000000000000000000000000000000000000000000000000000000000000000000000000000000000000000000100001000004000030000000000000000000100
00000000000000000000000000000000000000010000000000000000000000000000000000000000000000000000000000000001000000000000000000000000001000000000000002000000000000000000000000000000000000000000000000000000000000000000001300000000000000000001002000000000000000000000000000000000000000100000000000
00000000000000000000000000000000000000000000000000000000000000000000000000000000000000000000000000000000000000000000000000000000000100000000000000000000000000000000000000000000000000000000000000000000000000000000000100000000000000000000000000100000000000000000000000000000000000000000000000
00001000000000000000000000000000000000000000000000000000000000000000000000000000000000000000000000000000000000000000000000000000000000000000000000000000000000000000000000000000000000000000000000000000000000000000000000000000400000000000000000000000000000000000000000000000000000000000000000
00000000000000000000000000000000000000050000000020000000000000000000000010000000000020000000000000000000200000000000000000001000000000000000000020000000033000002000000000000020000000000000000000000000000000000000000000000000000000000000000000000000000000100000000000000000002200000000000000
00003000000000000000000000000000000000000000000000000000000000000000000000001000000000000000000000000000000000000800000000000000000000000000200000000000010200000000000000000000010000000000000000000000000000000000000000000000000000000000000000000000000000000000000000000000000000000000000000
000000200000000300000000000000000000000000000000000000000000000000000000000000000000000000000000000000000000000000000000000000000000000000000100000000001000000000001010000000200000000000000050000000100000000000000000000000000000000000000000000000100012000000000000000000000300000000000100400
00000000000000000000000000000000000000000000000000000000100000000000000000000000000000000000000000000000000000000000000000000000000000000000000000000000000000000000000010000000000000000000000000100000000000200000000000000000000000000000000010000000000000000000000000000000000000000000000000
0000001400000000000000000000000000000000000000000000000000000000000000000000000000000000100000000000000100000000000000000000000000000000000000000000000000000000000000000000000000000000000000000000000000000003000000000000000000000100000010000000000000000000000000000000000000000000000000000000
00000000020000000000000000000000000000000000000000000000000000000003000010000000040000000200010000300000002000000000010000000030000000100000000000010000000100001000000000000000010000002000000000000000000000000000000000000000000000000000000000000000000000000000000030000000000000000000000000
00000100000000000000000000000000000000000000000000000000000000000000000000000000000000000100000000000000000000000000000000000000000000000000000000000000000000000000000000000000000000000100000000000000000000000000000000000000000000000000000000000000000000000000000000000000000000000000000000
00000000000000000000000000000000000000000000000000000000000000000000000000000000000000000000000000000000000000000000000040200000000020000000000000000100000000000000000000000000000000000000000000000000310000000000000000000100000000000000000000000000000000000000000000000000000000022000000000
00003000000000010000000000000000000000000100000000000000000000000000000000000000000000000000000000000000000000000110000000000000000000000000000000000000000000000000000000000000010000000000000000000000000000000000040000000000101000000002000000000000000000000000000000000000000000000000000000
00000000000000000000000000000000000000000000000000000000000000000000000000000000000000000000000000000000000000000000000000000000000000000000010000000000000000000000000000000000000000000000000000000000000000040000000000000000000000000000000000000000000000000000000000000000000000000000000000
00000000000000000000000000000000000000000000000000000000000000000000000000000000000000000000000000000000000000000000000000000000000000000000000000000000000000000000010000000000000000000000000000000000000000000000000000000000000000000000001000000000000000000000000000000000000000000000000000
000000000010000000000000000000000000000000000000000000000000000000000000000000000000000000000000000000000000000000200000000000000000000000000017000000100001000000000000000000000000000000060000000000000000000000000002000600000000000200000000000000000000000100000000003000000000000000000000100
00000000000000000000000000000000000000000000001020000000000000000000000000000002000120020001000000000000000000000000000000000000000000000000000000000000000000000000000000000000000000000000000000000000000000000000000000000000000000000000000000000000000000000000000000000000000000000000000000
00000000000000050000000000000000000000000000000000000000000000000000000000000000000000000000000000000009000000000100000000000000000000000000000000000000000000000000000000000010000000000000001000000000000000000000000000000000000000000001000000000000000000000000200000000000000400000003000000
00000000000000000000000000000000000000000000000000000000000000000000000000000000000000000000000000000000000000000000000000000000000000000000000000000000000000000000000000000000000000000000000000000000000000000000000000000000000000000000000000000000000000000000000000000000000000000000000000
000000000000040000000000000000000000000000000000000000000000000000000000000000000000000000000000000000000000000000100020000000000002000000000041000000000100000000100000000000001014000000000000000000000007000000001001000000002000100000000000000200000000000000000230000000000100100000000200000
00000000000000000000000000000000000000000000000000000000000000000000000000000000000000000000000000000000002200000000010000000000000000001000000000000000000000000000000000001000000000000000000000000000000001000000000000000000000000000000000000000000000000000000000000000000000010000000002000
00000000000000000000000000000000000000000000000000000000000000000000000000000000000000020006000000000001000000000000000000000000000200000010000000000000000000000000000000000000200000000000000000000000000000000000000030000000000000000000000020100000200020000000000000000000100000000000000000
00000000000000000000000000000000000000000010000000000000000010000000000000000000000000000000000000000000000000000000400000004000001200001000000010000000002000000000000000100060000000000000000000000000000000000000001000000000050000000000000000000000000000100000000000000000002001000000001000
00000100000000000000000000000000000000000000000000000000000000000000000000000000000000000000000000000000000000000000000000000000000000000000000000000000000000000000000000000000000000000000000000000100000000000000000000000000000000000000000000000000000000000100000000000000000000000000000000
00000000000000000000000000000000000000000000000000000000000000000000000000000000000000000000000000000000000000000000000000000000000000000000000000000000000000000000000000000000000000000000000000000000000000000000000000001000000000000000000100000000000000000000000000000000000000000000000000
00000000000000000000000000000000000000000000000000000000000000000000000000000000000000000000000000000000000000000000000000000000000000000000000000000001000000000000010000000000000000000000000000000000000000000000000000000000100000000000000000000000002000000000000000000000000000000000000000
000000000000001000000000000000000000000000000000300000000000000000000000000001500060000000800000000000000000000000000000000000000000000000000001000000000000000000000000000000000000000000000000000000000000000000000000000000000000000000000000000100000000000000000000000000000200000000000000000
00000000000000000000000000000000000000100000000000000000000000001000000000000000060000000000030000000000000000000000000000000000000000000000000000000000000000000000000000000000000000000000000000000000010000000000000000000000000000000000000000500000000000000000000000000000000000000000000000
00000000000000000000000000000000000000000000000000000000000000000000000000000000000000000000000000000000000000000000000000000000000000000000000000000000000000000000000000000000000000000000000000000000000000000000000000000000000000000000000000000000000000000000000000000000000000000000000000
00000000000000010000000000000000000000000000005000000000000000000000000000000000000000000000000000000000000000000200000000000000000000000000000000000000000000000000030000000000000000000000000000000000000000000000000000000000000000000000001000000000000000000000000000000000000000000000000000
00000000000100000000000000000000000000000000000000000000000000000000000000000000000000000000000000000000000000000000000000000000000000000000000000000000000000000000000000000000000000000000000000000000000000000000000000000000000000000000000000000000000000001000000000000000000000000000000000
00000000000002000000000000000000000000000000000000000000000000000000020000200000000000000000020000000000000000000000000000000000000030000000000000000000000000000000000000000000000000000000000000000000000000000000000000000000000000000000000000100000000000000000000000200000000000000000000000
000000000000000000000000000000000000000000100000000000000000000000010000200002000000030000010000000000000000000000000000000000100000000010000000000001000000000000001000100012000000000000000000000000000000000000000000000020000000000000000000000030000000001000000000000000000000500100000000000
000000000000000000000000000000000000000000000000200000000000000000000000000000000000000000000000000000000002000100000000000040000005000010000000000001000000000016000000000002000000000000000040000000000000000000000000000000001000000000000000000000000000000000000000000000000000100000100000900
00000000000000000000000000000000000000000000000000000000000000000004000000000000000000000600000000000000000000000000000000000000000000000000000000000000000000000000500100000010000000000000002000000010000011000000000000000000030400000000600001000000000000000010000000000001000200100001000000
00000000000000000000000000000000000000000000000000000000000000000000000000000000000000000000000000000000000000000000000000000000000000000000000000000000000000000000000000000000000000000000000000000000000000000000000000000000000000000000000000000000000000000000001000000000000000000000000000
00000200000000000000000000000000000000000000000000000000000000000000000000000000000000000000000000000000000000000000000000000000000000000000000000000000000000000000000000000000000000000000000000000000000000000000000000000000000000010000000000002000000000000000000000001000000000000000000000
00000000000000000000000000000000000000000000000000000000000000000000000000000000000001000000000000000500000000000300000000011000000000100000000000000000000000000000000000000000000000000000000000000000000000000000000010000000000000001000000000000000000000000000000000000100000100000000000000
00000000000000000000000000000000000000000000000000000000000000000000000000000000000000000000000000000000000000000000000000000000000000000000000000000000000000000000000000000000000000000000000000000000000000000000000000000000000000000000000000000000000000000000000000000000000000000000000000
000000000000000000000000000000000000000000000000000000000000000000000000000000000000000000000000000000016000000000000000000000000001000000000000010000000000000000000000000000001000000000000000000000001000000000000000000000000000000000000000000000000000000000000000000000002000200000000000000
00000000000002000000000000000000000000000000000000000000000000000000000000000000000000000000000000000000000000000000000000000000000000000000000000000000000000000000000000000000030000000000000000000000000100000000000000000000000000000000000000000000000000000000100000000000000000000000000000
00000000000000000000000000000000000000000000000000000000000000000000000000000000000000000000000000000000000000000000000000000000000000000000000000000000000000000000000000000000000002000000000000000000000000000000000000000000000000000000000000000000000000000000000000000000000000000000000000
00000000000000000000000000000000000000000000000000000000000000000000000000000000000000000100000000000000100000000040000000000000000000300000000000000000000000000000000000000000000000000000000000030000000000000000000000000000000000000000400000000000000000000000000000000100000000000000000303
00000000000000000000000000000000000000100000000000000020000000000002000010000000010000000500000000000000000000000000000000000000000000500000000000000000002000008000000000000000000010008010000000000000040000100000000000000000000000100000000000000000000000000000000001000000000000000000000000
000000000000000000000000000000000000000000000000100000000000000000000000000000000000000000000000000000000000000000000100070000000000002000000400000001100000000001000000000000000000000001000000000000000050000001000000000000000000000000000100000000000000000000000000000000000000100000000001300
00000000000000000000000000000000000000000010000000000000000000000000000000001000000001000700000000000000000000000000000000020000000100200000001000000000010000000000000000000001700400000000000000000000001020000002000000000000030000002000700010000000100000010000000000000000000000000003000100
00000000000000000000000000000000000000000000000000000000000000000000000000000000000000000000000000000000000000000000000000000000000000000000000000000000000000000000000000000000000000010000000000000000000000000000000000000100000000000000000000000000000000000000001000000000000000000000000000
00000200000000000000000000000000000000000000000000000000000000000000000000000000000000000000000000000000000000000000000000000000000000000000000000000000000000000000000000000000000000000000000000000100000000000000000000000000000000000000000000004000000400000000000000000000000000000000000000
00000000000000000000000000000000000000000000001000000000000000000000000000000000000000000000000000000000100000000000000000002000000001200000000000000000000000000000000000000000000100000000000000000000000000000000010000200001000000000000000000000000000000000020000000000000000000000200000000
00000000000000000000000000000000000000000000000000000000000000000000000000000000000000000000000000000000000000000000000000000000000000000000000000000000000000000000000000000000000000000000000000000000000000000000000000000000010000000000000000000000000000000000000000000000000000000000000000
00002000000000000000000000000000000000000000000000000000000000000000000000000000100000000000000000000000000000000300000000003000000000200000000000000000000000000000000000000000100000000000010000000000000000000000100000000000000000000000000000000000000000000000400000000000000000000002000000
00000000000000000000000000000000000000000000000000000000000000000000000000000000100003000200000000000700000000000000000000000000000101000000000000000200000000002000000000000000100000000000000000000010010000000000000000000000000000000000000010000000000000000000000000000300000000200000100000
00000000000000000000000000000000000000000000000000000000000000000000000000000000000000000000000000000000000000000000000000000000000000000000000000000000000000000000000000000000000000000000000000000000000000000000000000000000000000000000000000000000000000000000000000000000000000000000000000
00000000000000000000000000000000000000000000000000000000000000000000000000000000000003300000000000000000100000000000000000007000000000000000000000000000000000001000010000000000000000000000000000000000000002000000000000000000010000000000000000010000000000100000000000000000000200000000000100
00000000000000000000000000000000000000000000000000000000000000000002000020000000000002000200000000001000000000000000000010000000000000000000000000000000000000000000100000000010000001000000010000000000001000000000000000000000000000000000000000000000000000000001000000000010000000000000000000
000000000000000000000000000000000000000000000000000000000000000000000000000000000000000000000000000000000002000000000000000000000000000000000000000003000000000000000000000014000000000000000000000000000000000000000000000000000000000000000000000000000000000000000000000000000000001000000000000
000000000000000000000000000000000000000000000000000000000000000000000000000000000000000000000000000000001900200000000101000005000000000000000000000000000000000000000000000000000000000000000000000000000000000000000000000000000000000000000000000010000000000100000000000000000000000000000000007
00000000000000000000000000000000000000000000000000000000000000000002000000000800000003000000000000100000000000000000000000000000000000000000000000000000000000000000010000000020000000000000010000000000000000000000000000000000000000000000000000000000000001000000000000000100000000000000000000
00000000000000000000000000000000000000000000000000000000000000000000000000000000000000000000000000000000000000000000000010000000000000000000000000000000000000000000000000000000000000000000000000000000000000000000000000000000000000001000000000000000000000000000002000000000000000000000000000
00000000000100000000000000000000000000000000000000000000000000000000000000000000000001000000000000000000000000000000000000000000000000000000000000000000000000000000000000000000000000000000000000000000000000000010000000000000000000000000000000000000000600000000000000000000000000000000000000
01000000000000000000000000000000000000000000000000000000000000000000000000000000000000000000000000000100000000000000000000003000000001500000000100000000000000000000000000000000000000000000020000000000000000000000000000100000000000000000000000000000000000000000000000000201000000000000000000
00000000000000000000000000000000000000000000000000000000000000000000000000000000000000000000000000000000000000000000000000000000000000000000000000000000000000000000000000000000000000000000000000000000000000000000000000000000000000000000000000000000000000000000000000000000000000000000000000
000010000000000100000000000000000000000000000000000000000000000000000000000000001000000000000000000000040000000100000000000010000000001200000001100000000000000000000000000000000000000000000000000000000031000000000000000000000000000000000001000000000000000000000100000000003000000000100000000
00000000000000000000000000000000000000000000000000000000000000000000000000000000000002000400000000000700000000002000000000040000000100000000030000000000000000000000000000000000000000000000030000000000000000000000000010020000000000000000000010000000000000000010000000000000200000400000000000
00000400000000000000000000000000000000000000000000000000000000000000000000000000000000000000000000000000000000000000000000000002000000000000000000000000000000000000000000000000000000000000000000000000000000000000000000000000000000030000000200000000000000000000000000000000000000000000000000
00000000000000000000000000000000000000000000000000000000000000000000000000000000000000000000000000000000008200000000040000000000000000300000000000000300000000000000000000003000000200001000000000000000000000000000000000000000000000000000000002010000000000000000000000000000000001000000000002
00000000000000000000000000000000000000010000000000000000000000000000000000000000000002020201000000001000000000000000000010000000000000000000000000000000000000000000000000000000100003030000000001000000000000000000000000000000000000000000000000100000000000001001000000000030000000000020010000
000000000000000000000000000000000000000000000000000000000000000000000000000000000000000000000000000000000000200000000000000000000000000000000000000000000000000040000000000000000000000029000000000000000000000000000000000000000000000000000000000000000000000000000000000000000000000000000000000
00000000000000000000000000000000000000000000000000000000000000000000000000000000000000000000000000000000001000000000000000000000000000400000000000020000000000001000000000000000000000000000000000000000000000001000000000000000000000000000000000000000000000000000000006000000000000000000003000
