3565
3565.000000,717.245728
900.000000,719.354980
3500.000000,747.375610
1372.000000,747.634705
2019.000000,749.805725
2425.000000,750.131042
2423.000000,752.029358
1639.000000,752.892700
314.000000,755.472168
2208.000000,757.367798
76.000000,758.097473
412.000000,758.418823
989.000000,758.664551
1162.000000,759.166809
2536.000000,759.182068
1071.000000,759.212036
3511.000000,760.272217
619.000000,760.700500
2860.000000,760.966675
253.000000,761.364990
2016.000000,761.547913
778.000000,762.675964
1398.000000,763.714294
882.000000,764.059326
938.000000,764.211792
2102.000000,764.527405
2474.000000,765.003113
1108.000000,765.273376
2318.000000,765.798462
829.000000,765.866943
1413.000000,766.089966
2680.000000,766.760620
1655.000000,767.657898
14.000000,768.519714
5.000000,769.405029
639.000000,769.734924
1342.000000,769.743652
2737.000000,769.928650
3296.000000,770.159424
378.000000,770.223633
1510.000000,770.309937
310.000000,770.583130
3472.000000,770.619446
1817.000000,770.709717
1101.000000,771.018250
247.000000,771.382385
2049.000000,772.315857
1503.000000,772.675110
1433.000000,772.760010
2515.000000,773.068726
308.000000,773.673340
212.000000,773.758179
1662.000000,774.802429
1566.000000,775.219482
146.000000,775.966187
1894.000000,776.149658
109.000000,776.361511
3125.000000,776.528198
106.000000,777.217712
377.000000,777.313293
834.000000,777.325562
1052.000000,777.759094
785.000000,777.784058
1740.000000,778.214844
126.000000,778.523804
2682.000000,778.847839
3374.000000,778.997131
740.000000,779.117615
2570.000000,779.142090
45.000000,779.600525
533.000000,779.711548
341.000000,779.715393
502.000000,780.194275
1631.000000,780.353760
3224.000000,781.370911
2243.000000,781.660400
3523.000000,782.142944
1007.000000,782.257141
452.000000,782.447937
2017.000000,782.459839
3341.000000,782.560364
1308.000000,782.592957
1969.000000,782.717285
2406.000000,783.206970
2141.000000,783.254211
1075.000000,783.324341
324.000000,783.390442
615.000000,783.480164
1427.000000,783.554260
1744.000000,783.746033
3496.000000,783.868774
3104.000000,783.868958
1936.000000,784.067993
1328.000000,784.106323
2874.000000,784.492188
2075.000000,784.715881
1209.000000,784.797668
3371.000000,784.848694
1832.000000,784.935608
3475.000000,785.288940
3086.000000,785.346130
2575.000000,785.461304
1766.000000,785.684937
2265.000000,785.690918
3395.000000,785.811707
1035.000000,785.830933
1497.000000,785.846313
1673.000000,785.938354
1088.000000,786.303894
356.000000,786.623352
1114.000000,786.718140
1836.000000,786.878113
2967.000000,787.066162
1600.000000,787.185303
260.000000,787.229492
1601.000000,787.374023
495.000000,787.384949
148.000000,787.468872
964.000000,787.642273
1418.000000,787.953918
467.000000,788.030945
2335.000000,788.049805
2378.000000,788.185486
436.000000,788.408691
1475.000000,788.513184
3514.000000,788.690063
1651.000000,789.002075
1517.000000,789.021729
526.000000,789.118042
1654.000000,789.434753
3490.000000,789.532654
1070.000000,789.583008
1280.000000,789.696045
3177.000000,789.752502
684.000000,790.647766
2193.000000,790.743164
570.000000,790.868408
835.000000,790.939697
2328.000000,790.948547
757.000000,791.009033
2791.000000,791.644165
2263.000000,791.852722
2982.000000,791.898804
186.000000,792.025818
1768.000000,792.210205
1788.000000,792.323486
1679.000000,792.493286
132.000000,792.515381
1702.000000,792.717529
3214.000000,792.893799
1607.000000,793.119019
2840.000000,793.127075
2671.000000,793.177490
1439.000000,793.178040
3106.000000,793.589478
102.000000,793.592896
1623.000000,793.661682
687.000000,793.724060
3356.000000,793.805054
3398.000000,794.096924
2181.000000,794.166199
3410.000000,794.218994
1018.000000,794.371704
2699.000000,794.388977
2455.000000,794.426941
1499.000000,794.510315
2187.000000,794.568970
1667.000000,794.650879
1877.000000,794.746155
300.000000,794.939087
2689.000000,795.065613
2712.000000,795.145752
1420.000000,795.229309
3370.000000,795.296509
1123.000000,795.345276
2240.000000,795.367737
1373.000000,795.390808
2013.000000,795.558044
275.000000,795.659607
2092.000000,795.679199
2831.000000,795.720032
3143.000000,795.722595
2833.000000,795.767883
895.000000,795.830444
3363.000000,796.286255
2577.000000,796.457642
1913.000000,796.571777
2510.000000,796.633118
786.000000,796.646973
802.000000,796.663086
1294.000000,796.749756
3259.000000,796.761719
2383.000000,797.082520
2321.000000,797.136475
2731.000000,797.436829
3391.000000,797.446045
338.000000,797.539368
3006.000000,797.545837
697.000000,797.608643
2043.000000,797.632141
296.000000,797.658020
1576.000000,797.733276
1432.000000,797.996582
3516.000000,798.131226
1921.000000,798.134338
346.000000,798.277771
1816.000000,798.291443
3493.000000,798.341492
2785.000000,798.413635
2526.000000,798.419312
1044.000000,798.497253
2666.000000,798.539062
749.000000,798.571045
3460.000000,798.573608
285.000000,798.763489
2681.000000,798.805969
1729.000000,798.843689
6.000000,798.944763
1016.000000,798.944885
2662.000000,799.025208
2285.000000,799.036926
2340.000000,799.048279
2164.000000,799.132935
913.000000,799.141052
127.000000,799.194580
2343.000000,799.276001
933.000000,799.411255
1553.000000,799.475037
730.000000,799.486511
852.000000,799.517334
1225.000000,799.592468
2219.000000,799.696594
3231.000000,799.711975
1471.000000,799.847290
1009.000000,799.942566
1487.000000,800.008057
1293.000000,800.020142
1841.000000,800.102356
2341.000000,800.265564
3126.000000,800.337219
15.000000,800.481201
554.000000,800.486267
424.000000,800.550232
1140.000000,800.571655
1508.000000,800.719360
1200.000000,800.795959
1023.000000,800.842163
2856.000000,800.960693
2395.000000,801.151489
997.000000,801.178833
3026.000000,801.205811
2837.000000,801.226929
2915.000000,801.259094
1581.000000,801.306274
2224.000000,801.339600
2550.000000,801.450745
3036.000000,801.493469
1552.000000,801.540955
1810.000000,801.569702
2942.000000,801.881470
3060.000000,801.897461
2995.000000,801.924194
1756.000000,801.998840
3131.000000,802.177979
222.000000,802.406006
2701.000000,802.429565
144.000000,802.496704
3503.000000,802.664917
1442.000000,802.697693
2821.000000,802.698547
3023.000000,802.862793
1869.000000,802.871399
951.000000,802.897766
562.000000,802.984131
643.000000,803.014465
586.000000,803.048401
3243.000000,803.090881
1226.000000,803.101196
217.000000,803.119690
484.000000,803.298157
2057.000000,803.312683
2050.000000,803.353516
2007.000000,803.402405
3529.000000,803.487183
1194.000000,803.531616
3250.000000,803.542175
1010.000000,803.611755
1313.000000,803.636108
1585.000000,803.640686
742.000000,803.688538
1388.000000,803.709961
995.000000,803.822937
2730.000000,803.883972
2206.000000,803.926758
808.000000,804.088440
1734.000000,804.113342
2891.000000,804.118103
88.000000,804.119568
3167.000000,804.128906
1490.000000,804.148865
1903.000000,804.204956
1888.000000,804.323059
721.000000,804.341370
1670.000000,804.387085
3292.000000,804.508362
179.000000,804.580933
1656.000000,804.636414
1267.000000,804.804382
1668.000000,804.833679
743.000000,805.117065
2355.000000,805.232056
2650.000000,805.249084
2886.000000,805.287231
1931.000000,805.336060
899.000000,805.347473
3367.000000,805.358826
92.000000,805.368530
585.000000,805.445984
479.000000,805.477478
156.000000,805.525085
3435.000000,805.572449
2051.000000,805.612061
221.000000,805.618225
2422.000000,805.666626
3016.000000,805.768677
2143.000000,805.884338
3187.000000,805.947327
2656.000000,806.003235
1279.000000,806.023315
886.000000,806.049377
1844.000000,806.199463
3553.000000,806.256287
2496.000000,806.365356
3537.000000,806.481140
1482.000000,806.606445
638.000000,806.652161
572.000000,806.666382
355.000000,806.711609
1027.000000,806.741577
3196.000000,806.750916
331.000000,806.767334
1709.000000,806.820251
506.000000,806.827209
20.000000,806.872070
2692.000000,806.919617
628.000000,806.931641
1697.000000,806.953979
101.000000,806.984985
2479.000000,807.052063
2095.000000,807.252197
1115.000000,807.306458
8.000000,807.319031
3316.000000,807.328918
1171.000000,807.353027
2052.000000,807.364014
557.000000,807.364807
2251.000000,807.398804
2784.000000,807.408325
383.000000,807.408813
2135.000000,807.513184
3189.000000,807.531921
3249.000000,807.549622
93.000000,807.571533
288.000000,807.582764
653.000000,807.610840
2428.000000,807.644836
2618.000000,807.661987
3423.000000,807.747498
1330.000000,807.750061
119.000000,807.782166
1391.000000,807.811646
1781.000000,807.863708
3359.000000,807.880798
2357.000000,807.931030
3088.000000,807.988342
1833.000000,807.994751
1048.000000,807.995911
3208.000000,808.011597
94.000000,808.030884
1326.000000,808.031067
1500.000000,808.072693
1256.000000,808.083496
1316.000000,808.235413
297.000000,808.301086
2847.000000,808.623840
613.000000,808.660217
830.000000,808.689087
1798.000000,808.689514
2365.000000,808.693848
1443.000000,808.695068
1141.000000,808.732056
3157.000000,808.754333
2808.000000,808.757019
1777.000000,808.870850
2412.000000,808.932068
494.000000,808.948120
177.000000,808.971191
3386.000000,809.024414
3002.000000,809.093567
700.000000,809.098755
2221.000000,809.101135
1230.000000,809.141357
1258.000000,809.159180
2716.000000,809.272156
1924.000000,809.284729
1054.000000,809.392578
2745.000000,809.471313
2914.000000,809.574341
2354.000000,809.812988
2381.000000,809.914001
125.000000,809.919434
22.000000,809.932068
3428.000000,809.979370
1006.000000,809.983215
1029.000000,810.030884
2698.000000,810.070923
2468.000000,810.148926
1812.000000,810.208984
135.000000,810.229187
2257.000000,810.240967
1154.000000,810.460388
2792.000000,810.463379
162.000000,810.474426
1507.000000,810.475037
241.000000,810.548828
2146.000000,810.600525
2959.000000,810.638611
559.000000,810.659241
1273.000000,810.688538
2481.000000,810.711365
2315.000000,810.793457
1570.000000,810.822876
822.000000,810.857666
1462.000000,810.880676
2583.000000,810.947632
574.000000,810.962646
789.000000,810.976562
3303.000000,811.018127
1706.000000,811.080505
2266.000000,811.093018
1572.000000,811.101013
3227.000000,811.125366
1530.000000,811.208374
2611.000000,811.218262
3483.000000,811.258911
2501.000000,811.310181
1910.000000,811.324158
3495.000000,811.339539
198.000000,811.343018
2628.000000,811.357971
3219.000000,811.528320
2068.000000,811.569458
1039.000000,811.595886
3116.000000,811.616333
2661.000000,811.637451
3456.000000,811.731628
3388.000000,811.754272
1940.000000,811.793945
1986.000000,811.797241
473.000000,811.803345
1755.000000,811.839905
1441.000000,811.899292
1638.000000,811.956726
1350.000000,811.967957
1974.000000,811.985046
966.000000,811.989502
3414.000000,812.008789
2888.000000,812.020569
1148.000000,812.091309
1005.000000,812.127136
1179.000000,812.153809
1472.000000,812.185425
2595.000000,812.217651
3284.000000,812.237244
1603.000000,812.349304
107.000000,812.349670
51.000000,812.428467
1535.000000,812.429565
419.000000,812.445374
1683.000000,812.447205
1847.000000,812.490479
3017.000000,812.532104
1283.000000,812.539673
1658.000000,812.558105
2014.000000,812.758667
3324.000000,812.845093
2099.000000,812.938110
1130.000000,812.984436
859.000000,812.990112
3442.000000,812.992493
3560.000000,812.995483
2038.000000,813.032532
2533.000000,813.036804
2620.000000,813.082275
3478.000000,813.115112
1686.000000,813.205994
2899.000000,813.221680
2590.000000,813.264099
19.000000,813.265564
860.000000,813.272156
1451.000000,813.296692
3515.000000,813.308044
414.000000,813.308228
2936.000000,813.344177
1954.000000,813.466553
1642.000000,813.479126
1309.000000,813.551270
227.000000,813.633728
1685.000000,813.737854
1700.000000,813.811340
3173.000000,813.839661
631.000000,813.932983
2203.000000,814.024780
236.000000,814.162720
1593.000000,814.165955
847.000000,814.180115
549.000000,814.188416
3375.000000,814.242920
381.000000,814.268127
3114.000000,814.282349
165.000000,814.300293
527.000000,814.300293
988.000000,814.315857
1262.000000,814.323669
2720.000000,814.342651
633.000000,814.350159
3192.000000,814.356018
471.000000,814.366699
2028.000000,814.473999
180.000000,814.487671
1228.000000,814.520325
1183.000000,814.541077
2826.000000,814.546509
3329.000000,814.555725
1407.000000,814.593628
1620.000000,814.631531
1087.000000,814.636047
2841.000000,814.638550
3520.000000,814.662109
49.000000,814.668213
3069.000000,814.693176
1652.000000,814.789490
3445.000000,814.983337
844.000000,814.992004
777.000000,815.020752
724.000000,815.050049
2576.000000,815.058167
3337.000000,815.110107
3021.000000,815.119141
1146.000000,815.125977
2835.000000,815.157227
3538.000000,815.261108
2925.000000,815.311096
1421.000000,815.350342
478.000000,815.354675
3562.000000,815.370361
3188.000000,815.464111
1032.000000,815.478760
142.000000,815.573853
2633.000000,815.666138
531.000000,815.681213
3294.000000,815.688843
603.000000,815.694763
2605.000000,815.694824
682.000000,815.771545
553.000000,815.810608
2290.000000,815.819458
2293.000000,815.917114
1058.000000,815.917419
2543.000000,815.959351
3559.000000,816.058228
658.000000,816.060791
1955.000000,816.067505
2353.000000,816.103699
2324.000000,816.129333
2499.000000,816.133057
1494.000000,816.136719
1250.000000,816.139771
1575.000000,816.142090
3146.000000,816.185303
1965.000000,816.190674
1712.000000,816.202820
2825.000000,816.249573
65.000000,816.261658
2232.000000,816.275635
1289.000000,816.321960
1610.000000,816.335815
702.000000,816.336853
1437.000000,816.361572
665.000000,816.461975
873.000000,816.504028
2593.000000,816.512756
2638.000000,816.533508
2655.000000,816.538147
512.000000,816.554321
3528.000000,816.581665
1589.000000,816.605530
2758.000000,816.622437
3433.000000,816.650208
518.000000,816.664551
1238.000000,816.679626
3110.000000,816.723083
26.000000,816.729858
3195.000000,816.759277
2987.000000,816.763306
293.000000,816.785828
625.000000,816.786682
3193.000000,816.789368
2149.000000,816.808716
2463.000000,816.876587
3348.000000,816.895752
2180.000000,816.916199
1863.000000,816.970886
623.000000,816.993225
3355.000000,816.998108
2449.000000,817.009766
1960.000000,817.043579
3300.000000,817.047485
2443.000000,817.062256
2079.000000,817.173157
330.000000,817.205261
2387.000000,817.239624
1926.000000,817.257996
1923.000000,817.278931
2508.000000,817.322876
725.000000,817.382385
2723.000000,817.451965
2498.000000,817.466492
2487.000000,817.485840
993.000000,817.521973
86.000000,817.559753
523.000000,817.562805
651.000000,817.574829
3353.000000,817.575684
1151.000000,817.580750
376.000000,817.591248
294.000000,817.602722
1914.000000,817.636047
854.000000,817.688721
618.000000,817.722839
1020.000000,817.740417
2071.000000,817.742798
1197.000000,817.748413
316.000000,817.782166
1721.000000,817.794434
818.000000,817.829773
3118.000000,817.830505
3315.000000,817.858093
283.000000,817.864929
3392.000000,817.879761
3411.000000,817.913330
2962.000000,817.924011
2557.000000,817.980225
2540.000000,818.027466
538.000000,818.043579
2504.000000,818.043884
151.000000,818.058167
3073.000000,818.096130
1464.000000,818.118225
1540.000000,818.124207
1229.000000,818.133850
1275.000000,818.233521
2845.000000,818.236267
3420.000000,818.257812
3534.000000,818.277832
3057.000000,818.283752
2523.000000,818.302429
2332.000000,818.310059
1095.000000,818.351501
1804.000000,818.357361
54.000000,818.394348
2125.000000,818.395813
3449.000000,818.491394
1719.000000,818.492920
2933.000000,818.509094
1516.000000,818.520447
3396.000000,818.533325
2151.000000,818.602295
2309.000000,818.612793
248.000000,818.627197
1795.000000,818.654785
2121.000000,818.658997
581.000000,818.791504
2258.000000,818.833984
39.000000,818.836731
1120.000000,818.892761
927.000000,818.902710
2436.000000,818.994141
1214.000000,819.014893
480.000000,819.051147
2512.000000,819.072083
3117.000000,819.078003
1322.000000,819.128784
117.000000,819.136230
206.000000,819.167786
463.000000,819.200989
1365.000000,819.234680
3257.000000,819.235535
37.000000,819.245056
2788.000000,819.296631
3038.000000,819.322815
2114.000000,819.325867
2834.000000,819.339722
3522.000000,819.376526
1505.000000,819.383057
669.000000,819.387207
1304.000000,819.446716
320.000000,819.498596
1665.000000,819.540466
2195.000000,819.605042
159.000000,819.606506
1763.000000,819.617065
3064.000000,819.704041
2393.000000,819.709229
486.000000,819.776245
1911.000000,819.789917
2123.000000,819.821655
191.000000,819.849609
685.000000,819.857727
982.000000,819.868225
722.000000,819.878113
1919.000000,819.903320
3464.000000,820.016602
2561.000000,820.066223
2741.000000,820.088318
116.000000,820.090149
1757.000000,820.111145
1861.000000,820.153625
472.000000,820.277161
1049.000000,820.281555
3270.000000,820.300049
1664.000000,820.345642
3163.000000,820.364868
1100.000000,820.403992
3130.000000,820.493835
2726.000000,820.536499
1619.000000,820.568115
991.000000,820.573792
2192.000000,820.578674
2632.000000,820.605042
1876.000000,820.654358
2660.000000,820.658447
3031.000000,820.675720
543.000000,820.677551
1131.000000,820.728394
3226.000000,820.732971
3152.000000,820.742554
1544.000000,820.829468
108.000000,820.836365
649.000000,820.878967
2813.000000,820.886169
1514.000000,820.895752
1394.000000,820.911865
2466.000000,820.934814
1220.000000,820.975220
111.000000,821.022217
1003.000000,821.061462
2429.000000,821.074768
828.000000,821.110229
442.000000,821.228027
1739.000000,821.239380
876.000000,821.252808
929.000000,821.318359
1026.000000,821.336243
2879.000000,821.343872
1284.000000,821.344604
1221.000000,821.375366
1747.000000,821.402283
2126.000000,821.432312
3093.000000,821.466125
3113.000000,821.488037
1371.000000,821.506348
3457.000000,821.508911
1017.000000,821.555786
3004.000000,821.563232
2369.000000,821.580933
2735.000000,821.587646
3402.000000,821.600586
1657.000000,821.619446
2627.000000,821.629395
2377.000000,821.652649
1934.000000,821.656921
1717.000000,821.717590
350.000000,821.749329
1912.000000,821.751953
1174.000000,821.963867
3385.000000,821.970764
1477.000000,821.971741
977.000000,821.989258
2454.000000,822.049927
2156.000000,822.054321
1789.000000,822.083191
1602.000000,822.105042
3264.000000,822.114563
759.000000,822.142517
4.000000,822.143494
84.000000,822.156677
705.000000,822.219116
3346.000000,822.237061
1990.000000,822.254883
1896.000000,822.288635
1748.000000,822.328125
2889.000000,822.334045
1264.000000,822.341797
2329.000000,822.359924
435.000000,822.365723
1474.000000,822.406677
1024.000000,822.428772
195.000000,822.458313
630.000000,822.458984
1722.000000,822.460571
3222.000000,822.477295
2001.000000,822.478882
2046.000000,822.488098
1246.000000,822.490295
363.000000,822.535767
199.000000,822.550842
1207.000000,822.617065
2652.000000,822.640381
3434.000000,822.669495
2787.000000,822.702759
1750.000000,822.755859
1041.000000,822.824890
540.000000,822.847290
833.000000,822.855164
1681.000000,822.875793
2853.000000,822.881165
515.000000,822.898560
2762.000000,822.899048
1898.000000,822.908142
914.000000,822.954895
3558.000000,822.963562
2373.000000,822.975525
2969.000000,822.987427
2023.000000,823.036865
2286.000000,823.037292
278.000000,823.095886
1887.000000,823.105164
2339.000000,823.132568
328.000000,823.136292
1525.000000,823.248230
2074.000000,823.278076
1978.000000,823.292419
78.000000,823.305847
1245.000000,823.322510
2773.000000,823.335754
1943.000000,823.383484
3400.000000,823.409729
1366.000000,823.450806
571.000000,823.464539
1632.000000,823.469421
2996.000000,823.552917
2214.000000,823.554626
2867.000000,823.556396
1317.000000,823.556702
359.000000,823.570984
999.000000,823.662231
447.000000,823.679932
2228.000000,823.696228
487.000000,823.716125
1113.000000,823.734924
2711.000000,823.735413
33.000000,823.759827
764.000000,823.761230
1900.000000,823.780518
3331.000000,823.782532
565.000000,823.809692
1478.000000,823.845459
3035.000000,823.855286
353.000000,823.922241
2585.000000,823.924133
1102.000000,823.943481
3176.000000,823.965820
290.000000,823.979858
2134.000000,823.989868
781.000000,824.009460
2349.000000,824.040161
2836.000000,824.084045
2317.000000,824.086060
317.000000,824.093689
2333.000000,824.124512
1135.000000,824.154968
2109.000000,824.196411
1376.000000,824.223022
825.000000,824.244873
2954.000000,824.249390
769.000000,824.271606
1468.000000,824.276123
56.000000,824.286377
2549.000000,824.291199
2352.000000,824.300598
85.000000,824.304749
3325.000000,824.318115
1790.000000,824.328674
3244.000000,824.331482
1835.000000,824.371277
1874.000000,824.377563
1966.000000,824.394470
1118.000000,824.418823
2493.000000,824.419434
598.000000,824.420959
1163.000000,824.428162
1630.000000,824.450073
2872.000000,824.473572
3090.000000,824.495667
344.000000,824.499939
1532.000000,824.526917
2973.000000,824.528564
607.000000,824.566467
935.000000,824.575256
164.000000,824.579041
1859.000000,824.580933
1501.000000,824.586609
352.000000,824.588379
2751.000000,824.592346
2612.000000,824.630310
2494.000000,824.661011
703.000000,824.745117
2470.000000,824.747986
1996.000000,824.765442
1159.000000,824.767822
2971.000000,824.768005
1939.000000,824.768127
596.000000,824.773926
3156.000000,824.778625
2958.000000,824.798584
2803.000000,824.819763
2336.000000,824.837952
1565.000000,824.872742
2829.000000,824.916992
1092.000000,824.932129
1537.000000,824.945618
74.000000,824.958923
590.000000,824.962280
1536.000000,824.984192
2277.000000,825.032898
3339.000000,825.039001
2167.000000,825.053040
1224.000000,825.065613
3283.000000,825.073853
3469.000000,825.087585
1846.000000,825.102966
3247.000000,825.120728
3263.000000,825.155212
3446.000000,825.165222
1111.000000,825.188965
2376.000000,825.205627
3323.000000,825.217651
2764.000000,825.221313
2871.000000,825.227234
18.000000,825.246460
1629.000000,825.260681
3215.000000,825.267883
1800.000000,825.281677
3119.000000,825.284668
544.000000,825.311279
75.000000,825.319153
1732.000000,825.383057
1129.000000,825.391968
2411.000000,825.401855
967.000000,825.409973
1038.000000,825.423279
699.000000,825.446472
2823.000000,825.451782
1957.000000,825.452759
1091.000000,825.483765
3473.000000,825.500854
893.000000,825.512939
440.000000,825.553345
1396.000000,825.582458
38.000000,825.631897
3028.000000,825.633484
1403.000000,825.664978
1963.000000,825.679626
3549.000000,825.753113
1784.000000,825.763672
1155.000000,825.845886
1834.000000,825.856201
2998.000000,825.897644
1083.000000,825.898010
462.000000,825.923584
817.000000,825.923950
616.000000,825.972168
2457.000000,825.989990
2718.000000,826.011292
242.000000,826.039795
3045.000000,826.056885
2775.000000,826.063049
2465.000000,826.071411
216.000000,826.087280
2663.000000,826.101929
1851.000000,826.147888
659.000000,826.203674
3474.000000,826.215759
60.000000,826.240784
1864.000000,826.257629
1527.000000,826.270325
12.000000,826.270630
1011.000000,826.290100
2402.000000,826.299744
3089.000000,826.327087
3524.000000,826.335266
3461.000000,826.367249
2108.000000,826.372498
2760.000000,826.402466
1848.000000,826.427917
883.000000,826.442383
2532.000000,826.443909
120.000000,826.452698
2225.000000,826.477783
582.000000,826.489197
3535.000000,826.493408
3216.000000,826.519714
1352.000000,826.529236
2485.000000,826.545654
1125.000000,826.593933
1292.000000,826.645813
3024.000000,826.649353
55.000000,826.671021
931.000000,826.698120
2646.000000,826.699951
516.000000,826.713135
707.000000,826.758789
2770.000000,826.806091
1967.000000,826.824890
760.000000,826.845520
2944.000000,826.847961
2303.000000,826.880859
430.000000,826.904541
1438.000000,826.932007
1672.000000,826.943970
1142.000000,826.951355
3403.000000,826.954407
3067.000000,826.959167
3381.000000,826.963379
50.000000,826.978943
2524.000000,826.996826
1000.000000,827.007141
2212.000000,827.024170
532.000000,827.045471
2906.000000,827.064758
3092.000000,827.065002
3322.000000,827.068115
2669.000000,827.087341
1895.000000,827.089539
804.000000,827.092102
3279.000000,827.112488
519.000000,827.120239
2517.000000,827.127869
1684.000000,827.203369
2272.000000,827.212036
2727.000000,827.212463
1915.000000,827.247009
1636.000000,827.255981
3027.000000,827.258423
224.000000,827.267090
1063.000000,827.274170
1078.000000,827.284485
3468.000000,827.334717
3246.000000,827.337891
1382.000000,827.341064
2229.000000,827.341675
418.000000,827.344421
2008.000000,827.377869
2643.000000,827.394409
2278.000000,827.414001
2270.000000,827.417053
1195.000000,827.442078
723.000000,827.472290
1257.000000,827.478455
744.000000,827.481445
872.000000,827.507996
1476.000000,827.582458
751.000000,827.639771
1187.000000,827.651184
663.000000,827.651855
3485.000000,827.674133
2665.000000,827.683960
714.000000,827.686157
2409.000000,827.696655
2960.000000,827.700989
2993.000000,827.775024
2531.000000,827.796936
287.000000,827.812683
2553.000000,827.828186
2797.000000,827.829529
3008.000000,827.830017
2374.000000,827.834473
3444.000000,827.834778
2814.000000,827.840759
1605.000000,827.860046
934.000000,827.876892
1465.000000,827.914490
218.000000,827.922607
3334.000000,827.967712
677.000000,827.974060
846.000000,827.981140
1188.000000,827.996643
2132.000000,828.064392
3455.000000,828.076172
1968.000000,828.114441
2160.000000,828.133240
1249.000000,828.167297
2763.000000,828.184631
2199.000000,828.185852
2284.000000,828.188110
1410.000000,828.200256
3044.000000,828.296692
890.000000,828.325500
1415.000000,828.360168
2073.000000,828.375122
3237.000000,828.376221
1805.000000,828.417908
3099.000000,828.424438
1381.000000,828.429138
3169.000000,828.430908
2551.000000,828.443726
2259.000000,828.443787
3065.000000,828.456604
2560.000000,828.462524
2077.000000,828.484436
3376.000000,828.501526
25.000000,828.530457
620.000000,828.531250
407.000000,828.540527
2325.000000,828.558472
3071.000000,828.564331
1580.000000,828.604980
246.000000,828.605896
3039.000000,828.623169
2231.000000,828.654663
1811.000000,828.654907
2345.000000,828.671631
2282.000000,828.685547
282.000000,828.696228
1930.000000,828.698547
2082.000000,828.709778
2067.000000,828.735168
1598.000000,828.743835
1405.000000,828.744995
3382.000000,828.757812
3203.000000,828.774597
2248.000000,828.781067
3309.000000,828.789307
1669.000000,828.804993
3489.000000,828.806763
235.000000,828.823303
1690.000000,828.828857
3042.000000,828.830322
555.000000,828.833801
292.000000,828.847290
40.000000,828.856567
1156.000000,828.874268
1062.000000,828.891724
2184.000000,828.916443
1291.000000,828.927795
3048.000000,828.956787
1251.000000,828.965820
3003.000000,828.983704
2009.000000,829.038513
674.000000,829.039185
1971.000000,829.067566
2793.000000,829.094666
1677.000000,829.108093
369.000000,829.111694
2384.000000,829.117371
766.000000,829.124939
885.000000,829.126160
315.000000,829.162354
911.000000,829.178223
902.000000,829.185242
762.000000,829.199463
858.000000,829.208801
3438.000000,829.224854
1613.000000,829.231018
1043.000000,829.276794
1282.000000,829.282471
3488.000000,829.288086
2876.000000,829.303345
2010.000000,829.329407
1377.000000,829.329895
2094.000000,829.344666
1928.000000,829.362000
853.000000,829.418579
1647.000000,829.424438
2234.000000,829.431213
1492.000000,829.469849
3151.000000,829.472839
3545.000000,829.479553
2850.000000,829.484070
799.000000,829.503113
2344.000000,829.517273
2431.000000,829.523621
3161.000000,829.534973
3034.000000,829.553101
2137.000000,829.557800
928.000000,829.564819
978.000000,829.579224
715.000000,829.580627
207.000000,829.594238
1186.000000,829.598572
741.000000,829.607422
1614.000000,829.621277
1426.000000,829.623474
1440.000000,829.626587
2105.000000,829.639771
2495.000000,829.646179
1057.000000,829.659790
2796.000000,829.668701
2902.000000,829.675781
2053.000000,829.717468
2458.000000,829.721680
398.000000,829.732239
2565.000000,829.743652
2295.000000,829.774475
2260.000000,829.788879
2033.000000,829.811218
1116.000000,829.901550
937.000000,829.918457
1055.000000,829.920715
1263.000000,829.934998
1191.000000,829.958313
1591.000000,829.985229
66.000000,829.994751
1367.000000,830.014587
2210.000000,830.017822
3101.000000,830.048401
1253.000000,830.073975
2574.000000,830.082153
1666.000000,830.094971
1237.000000,830.107788
2456.000000,830.117310
155.000000,830.158508
431.000000,830.163696
399.000000,830.165710
2191.000000,830.179260
2729.000000,830.184143
805.000000,830.240906
3379.000000,830.241516
2625.000000,830.247314
2923.000000,830.279602
2883.000000,830.288452
3087.000000,830.295105
1061.000000,830.315247
1160.000000,830.321106
952.000000,830.323547
1688.000000,830.328613
3166.000000,830.395020
2690.000000,830.417053
1110.000000,830.419312
1325.000000,830.432068
2522.000000,830.432617
3185.000000,830.446838
1361.000000,830.450134
1533.000000,830.479309
656.000000,830.484131
3172.000000,830.485352
1998.000000,830.509460
2459.000000,830.547852
500.000000,830.600830
1872.000000,830.626038
190.000000,830.634766
1424.000000,830.657898
214.000000,830.700134
2635.000000,830.705261
3557.000000,830.730896
112.000000,830.731567
409.000000,830.746643
790.000000,830.752686
795.000000,830.753296
2804.000000,830.790222
547.000000,830.801392
1560.000000,830.805542
2296.000000,830.830261
460.000000,830.841370
747.000000,830.888489
636.000000,830.919006
1358.000000,830.927246
2476.000000,830.942932
203.000000,830.967102
1573.000000,831.020508
806.000000,831.027649
3108.000000,831.029541
513.000000,831.041260
2391.000000,831.044800
3212.000000,831.075867
2789.000000,831.081604
1138.000000,831.095276
3075.000000,831.104370
1277.000000,831.140198
196.000000,831.143250
3085.000000,831.147034
1069.000000,831.171143
2811.000000,831.182495
3556.000000,831.197693
3470.000000,831.254272
1034.000000,831.270203
2382.000000,831.278625
455.000000,831.297424
82.000000,831.297852
1569.000000,831.310181
2555.000000,831.315674
2314.000000,831.351929
1143.000000,831.353577
1297.000000,831.353699
1458.000000,831.375610
1883.000000,831.385742
2880.000000,831.405701
1380.000000,831.435120
3148.000000,831.440002
3066.000000,831.442444
226.000000,831.448914
270.000000,831.471375
2559.000000,831.472351
1695.000000,831.507507
1378.000000,831.544128
3047.000000,831.573486
329.000000,831.583496
3338.000000,831.588440
3540.000000,831.588928
2649.000000,831.615723
32.000000,831.618591
3360.000000,831.621216
1935.000000,831.626892
2403.000000,831.637451
2521.000000,831.639099
2934.000000,831.649414
2115.000000,831.669861
3462.000000,831.675842
2371.000000,831.704529
426.000000,831.715454
2216.000000,831.742737
3421.000000,831.748352
1511.000000,831.752563
3521.000000,831.753662
916.000000,831.760864
2396.000000,831.788879
2047.000000,831.793152
3415.000000,831.797180
2567.000000,831.799194
2044.000000,831.804382
1064.000000,831.823792
2617.000000,831.851624
969.000000,831.859070
1449.000000,831.859314
904.000000,831.879395
877.000000,831.919800
1953.000000,831.932983
2777.000000,831.936157
1958.000000,831.947021
2744.000000,831.961548
1270.000000,831.970154
2802.000000,831.981812
1837.000000,831.982849
3349.000000,831.998169
925.000000,832.002441
3058.000000,832.006409
3531.000000,832.013123
3223.000000,832.021118
2113.000000,832.037231
3533.000000,832.037720
3439.000000,832.055420
1678.000000,832.058472
1261.000000,832.082886
1255.000000,832.094666
410.000000,832.121765
2670.000000,832.136230
2048.000000,832.159241
1749.000000,832.160828
1694.000000,832.164185
1107.000000,832.171692
2545.000000,832.193665
7.000000,832.208008
1718.000000,832.209351
2310.000000,832.240051
1884.000000,832.266235
1483.000000,832.274475
3465.000000,832.287231
1901.000000,832.291931
1635.000000,832.299744
1456.000000,832.377014
1307.000000,832.380493
2937.000000,832.390198
994.000000,832.416687
2979.000000,832.448059
561.000000,832.452698
1446.000000,832.453247
3459.000000,832.474365
167.000000,832.478027
901.000000,832.513184
3448.000000,832.529175
188.000000,832.546143
498.000000,832.550110
2657.000000,832.551147
1290.000000,832.589722
1599.000000,832.589722
3001.000000,832.606079
1956.000000,832.607117
787.000000,832.626770
1571.000000,832.633545
2810.000000,832.638855
2196.000000,832.656677
2578.000000,832.657349
1208.000000,832.667725
1579.000000,832.686340
3513.000000,832.691589
2427.000000,832.693176
2503.000000,832.699402
402.000000,832.707947
1014.000000,832.740051
2000.000000,832.747681
2890.000000,832.753113
2897.000000,832.772888
1906.000000,832.784485
1355.000000,832.788940
1773.000000,832.794067
3310.000000,832.798767
690.000000,832.811707
788.000000,832.811707
2898.000000,832.815247
3437.000000,832.840210
578.000000,832.845581
676.000000,832.858337
1198.000000,832.876099
1177.000000,832.887512
3282.000000,832.904663
579.000000,832.906311
1046.000000,832.938110
794.000000,832.938782
1594.000000,832.942261
2738.000000,832.952515
2733.000000,832.978088
284.000000,833.027161
695.000000,833.047729
2467.000000,833.089661
140.000000,833.095215
736.000000,833.136719
678.000000,833.142151
386.000000,833.146606
2440.000000,833.165039
3551.000000,833.167053
35.000000,833.172485
2300.000000,833.185852
2370.000000,833.186218
1578.000000,833.189758
3103.000000,833.191284
1323.000000,833.223022
1524.000000,833.232239
2012.000000,833.248657
2194.000000,833.248901
1431.000000,833.260193
1272.000000,833.265991
194.000000,833.268250
2026.000000,833.307861
1339.000000,833.325317
2446.000000,833.329224
727.000000,833.329651
1803.000000,833.363159
2022.000000,833.387695
589.000000,833.404175
1648.000000,833.412292
2894.000000,833.418030
1843.000000,833.427490
3015.000000,833.428589
1452.000000,833.435059
2761.000000,833.458191
3290.000000,833.462830
2308.000000,833.475525
3484.000000,833.481567
3268.000000,833.511475
2824.000000,833.521179
1627.000000,833.522888
1820.000000,833.532288
1711.000000,833.535278
2997.000000,833.537170
1093.000000,833.541748
1699.000000,833.558044
3072.000000,833.565002
2765.000000,833.574646
2586.000000,833.576111
2323.000000,833.606201
1730.000000,833.657654
2589.000000,833.674500
2673.000000,833.696167
1716.000000,833.697876
2430.000000,833.700012
696.000000,833.700623
2055.000000,833.704407
3427.000000,833.728271
862.000000,833.761841
1353.000000,833.774109
1013.000000,833.802368
1340.000000,833.827698
2637.000000,833.828735
779.000000,833.835022
1753.000000,833.846008
2413.000000,833.850586
1574.000000,833.850952
3061.000000,833.853882
2953.000000,833.875122
2172.000000,833.876709
3054.000000,833.890869
1917.000000,833.891357
10.000000,833.894531
556.000000,833.910095
1370.000000,833.918640
1479.000000,833.925476
542.000000,833.931946
428.000000,833.934509
2104.000000,833.952271
1408.000000,833.953064
3260.000000,833.966736
3032.000000,833.977173
3357.000000,833.983643
2490.000000,833.989136
2747.000000,834.033630
2539.000000,834.067810
2865.000000,834.095947
2963.000000,834.097107
2569.000000,834.100342
2904.000000,834.117859
30.000000,834.125305
41.000000,834.128235
2552.000000,834.141541
2274.000000,834.147949
2639.000000,834.166809
2110.000000,834.173157
3458.000000,834.179810
693.000000,834.186157
2331.000000,834.197205
2072.000000,834.207703
279.000000,834.210754
2911.000000,834.211060
1870.000000,834.220459
1067.000000,834.230286
1393.000000,834.233459
2407.000000,834.236572
867.000000,834.237122
962.000000,834.251038
2338.000000,834.252075
1274.000000,834.264221
192.000000,834.273621
1212.000000,834.281006
3564.000000,834.283569
800.000000,834.288330
2447.000000,834.335876
1881.000000,834.347717
2693.000000,834.348511
3133.000000,834.352234
2844.000000,834.364929
1217.000000,834.370056
667.000000,834.372681
1693.000000,834.393921
1050.000000,834.425537
1053.000000,834.425537
3049.000000,834.427551
1689.000000,834.427734
1512.000000,834.459656
403.000000,834.462036
2157.000000,834.471252
3278.000000,834.477356
2828.000000,834.482239
3350.000000,834.505005
2641.000000,834.531616
1776.000000,834.533447
1616.000000,834.535034
2215.000000,834.539124
2294.000000,834.545105
837.000000,834.556824
1416.000000,834.572693
3466.000000,834.580750
1586.000000,834.584656
1727.000000,834.593872
1893.000000,834.598083
2986.000000,834.599854
365.000000,834.602356
1545.000000,834.647888
1975.000000,834.656128
137.000000,834.659119
2029.000000,834.666931
2069.000000,834.668091
251.000000,834.668823
3134.000000,834.676147
3253.000000,834.707581
1550.000000,834.715027
1609.000000,834.725220
2205.000000,834.730957
2949.000000,834.734070
2622.000000,834.757996
3159.000000,834.775513
924.000000,834.779602
69.000000,834.779602
1086.000000,834.785583
3007.000000,834.790039
775.000000,834.804749
122.000000,834.818481
1792.000000,834.823242
2968.000000,834.827820
3234.000000,834.830383
3018.000000,834.860901
3358.000000,834.863037
2556.000000,834.880615
2606.000000,834.888550
1384.000000,834.892822
2148.000000,834.919556
3252.000000,834.967224
145.000000,834.988831
1031.000000,834.995789
2562.000000,835.048584
1759.000000,835.063293
1782.000000,835.074951
1941.000000,835.077271
2445.000000,835.084717
704.000000,835.131104
2776.000000,835.140503
731.000000,835.149292
773.000000,835.149475
3142.000000,835.165649
1764.000000,835.184814
1192.000000,835.196411
3378.000000,835.202698
546.000000,835.210388
2715.000000,835.239685
2058.000000,835.241272
2275.000000,835.246582
2127.000000,835.250061
2291.000000,835.305359
3070.000000,835.308594
2347.000000,835.317749
1539.000000,835.323853
2910.000000,835.342163
1951.000000,835.354431
1950.000000,835.361694
710.000000,835.383789
3005.000000,835.387024
698.000000,835.397156
2580.000000,835.399109
3384.000000,835.401672
2694.000000,835.405396
2644.000000,835.411072
1726.000000,835.412781
2778.000000,835.415771
46.000000,835.420959
2269.000000,835.439575
539.000000,835.454895
3147.000000,835.458435
185.000000,835.476624
1060.000000,835.477722
2679.000000,835.492249
2418.000000,835.498840
3530.000000,835.515503
2896.000000,835.534119
375.000000,835.535522
2564.000000,835.585449
1723.000000,835.585754
118.000000,835.603882
1885.000000,835.606689
3254.000000,835.612244
588.000000,835.615356
3424.000000,835.638184
3366.000000,835.638245
475.000000,835.645386
1561.000000,835.649963
1084.000000,835.651855
2042.000000,835.659119
2202.000000,835.668884
1401.000000,835.672913
1765.000000,835.724609
3364.000000,835.734070
2642.000000,835.736084
1306.000000,835.749268
2857.000000,835.749878
2245.000000,835.752441
95.000000,835.765503
2025.000000,835.767212
1813.000000,835.768066
2091.000000,835.778625
464.000000,835.800049
1176.000000,835.812378
746.000000,835.825745
243.000000,835.827332
1908.000000,835.827454
1567.000000,835.833435
1389.000000,835.845764
2757.000000,835.857544
2200.000000,835.857788
1922.000000,835.863708
1320.000000,835.866272
748.000000,835.891785
2636.000000,835.892761
1671.000000,835.910217
3492.000000,835.919800
1802.000000,835.927979
97.000000,835.928101
1496.000000,835.929810
1244.000000,835.965576
2502.000000,835.971252
661.000000,835.972839
782.000000,835.978638
2678.000000,836.005432
438.000000,836.014038
366.000000,836.035522
3230.000000,836.047485
87.000000,836.064392
863.000000,836.070007
2292.000000,836.086609
1180.000000,836.105042
909.000000,836.120544
1628.000000,836.138123
53.000000,836.150024
205.000000,836.154846
541.000000,836.156921
2766.000000,836.181152
311.000000,836.189575
3426.000000,836.194702
115.000000,836.202576
1169.000000,836.219788
1008.000000,836.231934
1868.000000,836.237976
2080.000000,836.248596
3221.000000,836.252319
340.000000,836.256104
2830.000000,836.271301
2527.000000,836.276855
291.000000,836.279358
1037.000000,836.281006
939.000000,836.301697
2507.000000,836.307983
1448.000000,836.311951
1484.000000,836.330200
956.000000,836.344604
1551.000000,836.355652
2133.000000,836.360046
2414.000000,836.375916
841.000000,836.386902
3140.000000,836.390320
1644.000000,836.394165
1167.000000,836.408264
3174.000000,836.433228
2542.000000,836.439148
2426.000000,836.441895
3010.000000,836.446411
1168.000000,836.464966
3517.000000,836.470581
1637.000000,836.475586
2065.000000,836.477905
774.000000,836.489136
635.000000,836.489197
3150.000000,836.497437
1904.000000,836.502319
454.000000,836.513916
255.000000,836.519897
318.000000,836.524353
1469.000000,836.533203
1751.000000,836.536926
2921.000000,836.566284
2087.000000,836.574280
641.000000,836.581055
600.000000,836.585327
2117.000000,836.594421
2054.000000,836.608276
1286.000000,836.608948
239.000000,836.624146
2066.000000,836.625305
2861.000000,836.673279
1772.000000,836.690063
2582.000000,836.694214
754.000000,836.703064
2743.000000,836.706055
3123.000000,836.712463
3191.000000,836.722900
3120.000000,836.724182
389.000000,836.738708
169.000000,836.756287
3498.000000,836.772156
1948.000000,836.805969
2492.000000,836.808716
1158.000000,836.814758
1206.000000,836.822083
2668.000000,836.825073
1980.000000,836.869629
1838.000000,836.879089
2893.000000,836.886780
1190.000000,836.904419
3182.000000,836.910645
1608.000000,836.926270
524.000000,836.935974
917.000000,836.938049
3494.000000,836.946838
1762.000000,836.985840
2506.000000,836.993713
2264.000000,837.025940
3361.000000,837.057251
100.000000,837.062378
271.000000,837.068726
992.000000,837.068970
811.000000,837.073425
79.000000,837.122375
103.000000,837.137817
1310.000000,837.141846
2972.000000,837.177429
1518.000000,837.182373
1336.000000,837.186890
2695.000000,837.189331
514.000000,837.208496
2237.000000,837.216431
972.000000,837.266174
2400.000000,837.302734
2100.000000,837.317017
856.000000,837.334534
2781.000000,837.336975
1937.000000,837.345825
2994.000000,837.366699
446.000000,837.389709
1134.000000,837.395386
2161.000000,837.407959
3510.000000,837.426208
3124.000000,837.436523
3183.000000,837.441895
3487.000000,837.446716
1219.000000,837.450317
2313.000000,837.457153
1831.000000,837.467102
23.000000,837.477478
869.000000,837.491394
2491.000000,837.500122
1909.000000,837.507263
2573.000000,837.513367
2477.000000,837.513489
983.000000,837.519165
3317.000000,837.524048
2608.000000,837.534729
385.000000,837.537415
3201.000000,837.548706
580.000000,837.549683
745.000000,837.550476
3233.000000,837.556763
959.000000,837.565430
670.000000,837.572144
1920.000000,837.573242
1815.000000,837.580994
694.000000,837.583862
1215.000000,837.597473
1488.000000,837.597961
1076.000000,837.611938
2805.000000,837.622742
675.000000,837.635559
263.000000,837.648315
797.000000,837.670593
2233.000000,837.675049
2242.000000,837.676208
2755.000000,837.689270
2640.000000,837.700073
2204.000000,837.702271
1959.000000,837.729797
258.000000,837.741699
2929.000000,837.759949
184.000000,837.765381
1185.000000,837.813843
689.000000,837.820923
3289.000000,837.827332
1260.000000,837.835571
1324.000000,837.858887
1128.000000,837.864746
729.000000,837.879150
1995.000000,837.884460
3299.000000,837.887024
1489.000000,837.890381
3258.000000,837.892029
2920.000000,837.900452
910.000000,837.914307
298.000000,837.924988
1094.000000,837.941772
1839.000000,837.944763
113.000000,837.969910
2170.000000,837.986511
1992.000000,838.015503
716.000000,838.023987
878.000000,838.028015
2955.000000,838.058594
2124.000000,838.061218
380.000000,838.063965
763.000000,838.066162
772.000000,838.071472
166.000000,838.083313
2554.000000,838.092651
337.000000,838.097351
3225.000000,838.097961
1223.000000,838.108826
3432.000000,838.111633
128.000000,838.115479
652.000000,838.119385
2039.000000,838.139038
2451.000000,838.153381
2548.000000,838.165100
824.000000,838.168152
1929.000000,838.174744
2579.000000,838.182922
3302.000000,838.187134
2870.000000,838.187805
583.000000,838.198120
3171.000000,838.204163
2190.000000,838.223511
3080.000000,838.230286
1127.000000,838.238159
2363.000000,838.239685
34.000000,838.258240
1564.000000,838.264343
1346.000000,838.275330
958.000000,838.286804
1856.000000,838.288330
2970.000000,838.296509
2305.000000,838.305847
1417.000000,838.306763
979.000000,838.308838
1105.000000,838.360840
692.000000,838.362122
2410.000000,838.362183
2307.000000,838.365845
89.000000,838.378967
1184.000000,838.398865
2991.000000,838.413391
2728.000000,838.435608
1964.000000,838.438660
2684.000000,838.439453
2537.000000,838.441162
1891.000000,838.453796
3229.000000,838.458679
333.000000,838.459473
1615.000000,838.468201
134.000000,838.470886
3509.000000,838.494995
306.000000,838.503784
373.000000,838.515076
1871.000000,838.515564
1302.000000,838.528625
2769.000000,838.539917
231.000000,838.555298
232.000000,838.556213
361.000000,838.565002
738.000000,838.573914
2056.000000,838.585632
915.000000,838.588440
1079.000000,838.598450
1879.000000,838.611633
713.000000,838.615540
1485.000000,838.620117
2683.000000,838.631653
784.000000,838.633057
3255.000000,838.635254
305.000000,838.660217
2246.000000,838.683044
2977.000000,838.683167
2120.000000,838.686646
173.000000,838.686829
568.000000,838.692383
2596.000000,838.696472
960.000000,838.710327
2584.000000,838.713989
1454.000000,838.717529
3135.000000,838.717773
1303.000000,838.722046
857.000000,838.724976
629.000000,838.730530
174.000000,838.759521
2732.000000,838.787231
2098.000000,838.787781
2588.000000,838.798828
357.000000,838.799377
2546.000000,838.803040
1860.000000,838.804138
686.000000,838.823853
1241.000000,838.844543
688.000000,838.849670
1814.000000,838.849854
417.000000,838.854309
2746.000000,838.866760
2780.000000,838.874634
1236.000000,838.875977
1341.000000,838.885498
459.000000,838.891663
1181.000000,838.918396
2571.000000,838.954834
2614.000000,838.955505
3107.000000,838.965820
2040.000000,838.966309
752.000000,838.974792
3266.000000,839.015320
896.000000,839.016357
138.000000,839.016846
1463.000000,839.017090
2254.000000,839.052734
332.000000,839.076050
2918.000000,839.077087
3040.000000,839.085938
1692.000000,839.097839
1213.000000,839.098145
1122.000000,839.122314
2153.000000,839.125549
624.000000,839.133362
551.000000,839.163574
2415.000000,839.163818
3526.000000,839.168335
1332.000000,839.170715
3009.000000,839.177185
334.000000,839.181824
1379.000000,839.182800
2239.000000,839.186401
58.000000,839.189636
1504.000000,839.192261
1285.000000,839.208557
335.000000,839.208862
2032.000000,839.227234
1548.000000,839.230286
1984.000000,839.260742
3013.000000,839.265808
2178.000000,839.267090
3319.000000,839.268066
392.000000,839.300537
2432.000000,839.302490
558.000000,839.305969
3368.000000,839.307434
3480.000000,839.316956
1051.000000,839.340210
2299.000000,839.343323
728.000000,839.344238
3401.000000,839.348328
2626.000000,839.352234
525.000000,839.361206
2064.000000,839.371094
918.000000,839.388184
2018.000000,839.388306
756.000000,839.391357
3372.000000,839.392639
3552.000000,839.398865
912.000000,839.406372
1522.000000,839.416870
864.000000,839.419922
3050.000000,839.439331
1299.000000,839.439331
2863.000000,839.453857
831.000000,839.454346
1359.000000,839.459229
2881.000000,839.473145
490.000000,839.478149
957.000000,839.493958
1735.000000,839.501404
3154.000000,839.507080
1526.000000,839.511230
384.000000,839.531067
1042.000000,839.535278
2015.000000,839.549194
679.000000,839.550293
2651.000000,839.555664
1205.000000,839.571289
2541.000000,839.571899
1080.000000,839.579956
650.000000,839.584229
1515.000000,839.612671
2404.000000,839.624329
3079.000000,839.627319
941.000000,839.632568
573.000000,839.649353
1568.000000,839.662781
1136.000000,839.672607
768.000000,839.683777
2520.000000,839.707825
735.000000,839.710754
374.000000,839.713989
1400.000000,839.724182
2511.000000,839.728516
213.000000,839.728760
2130.000000,839.729065
3020.000000,839.733215
136.000000,839.736511
47.000000,839.751648
504.000000,839.756897
2980.000000,839.760559
3097.000000,839.786682
1676.000000,839.788940
1386.000000,839.798096
98.000000,839.798767
1429.000000,839.810486
1428.000000,839.812805
130.000000,839.826233
2442.000000,839.839050
594.000000,839.852722
2686.000000,839.869385
1854.000000,839.880432
2924.000000,839.881287
249.000000,839.890320
1867.000000,839.911255
2045.000000,839.928955
2619.000000,839.935730
1779.000000,839.942810
1074.000000,839.944824
2302.000000,839.970459
364.000000,839.992188
3344.000000,839.999390
827.000000,840.000549
466.000000,840.006592
871.000000,840.010437
1090.000000,840.019409
1345.000000,840.026306
2892.000000,840.044556
2484.000000,840.061768
2815.000000,840.061890
3081.000000,840.066162
3043.000000,840.067017
1624.000000,840.073975
2279.000000,840.074707
1409.000000,840.080627
3454.000000,840.085083
2244.000000,840.085083
947.000000,840.095947
200.000000,840.113342
809.000000,840.134827
2667.000000,840.144897
2568.000000,840.177002
223.000000,840.178894
2623.000000,840.179138
104.000000,840.186279
411.000000,840.200073
3288.000000,840.215271
450.000000,840.220154
1945.000000,840.236023
3262.000000,840.253967
1725.000000,840.256042
1577.000000,840.258179
64.000000,840.266296
3318.000000,840.267029
2691.000000,840.270203
881.000000,840.278076
1961.000000,840.296082
3213.000000,840.315552
1520.000000,840.316040
2790.000000,840.323486
3563.000000,840.329712
644.000000,840.351196
1882.000000,840.354675
2389.000000,840.363525
1343.000000,840.369385
848.000000,840.383118
3218.000000,840.386536
259.000000,840.389465
1933.000000,840.406067
2089.000000,840.412048
3506.000000,840.427917
2267.000000,840.428223
932.000000,840.462891
2992.000000,840.537476
3145.000000,840.548340
2965.000000,840.548523
326.000000,840.549744
2255.000000,840.557190
2717.000000,840.574646
2782.000000,840.590576
3232.000000,840.593201
2862.000000,840.593262
1818.000000,840.594299
1059.000000,840.598694
1785.000000,840.599731
1033.000000,840.600830
443.000000,840.612793
396.000000,840.639282
3030.000000,840.641907
880.000000,840.641968
1981.000000,840.652527
3115.000000,840.653870
1170.000000,840.665039
2566.000000,840.674194
2974.000000,840.684143
2162.000000,840.688416
2478.000000,840.693848
2155.000000,840.696716
3491.000000,840.698425
1596.000000,840.703918
2966.000000,840.708984
1761.000000,840.718872
1649.000000,840.732971
3197.000000,840.739136
2848.000000,840.748108
2938.000000,840.757507
273.000000,840.761597
1305.000000,840.768372
1687.000000,840.776917
1554.000000,840.777039
2714.000000,840.788025
3136.000000,840.789001
2752.000000,840.797974
1175.000000,840.798401
497.000000,840.807495
77.000000,840.808960
1866.000000,840.809570
3144.000000,840.815063
171.000000,840.822449
3447.000000,840.824585
2441.000000,840.830139
1822.000000,840.844849
2621.000000,840.863708
208.000000,840.865540
2754.000000,840.870850
1918.000000,840.878113
946.000000,840.890991
2816.000000,840.906982
814.000000,840.911011
1640.000000,840.915588
351.000000,840.917969
3160.000000,840.922729
425.000000,840.929626
1444.000000,840.930664
3306.000000,840.934021
2186.000000,840.950012
61.000000,840.961304
1625.000000,840.963196
401.000000,840.963928
1979.000000,840.979248
2509.000000,841.010864
3482.000000,841.015259
2739.000000,841.020264
1112.000000,841.063171
908.000000,841.069580
322.000000,841.076477
820.000000,841.104248
2756.000000,841.114868
2648.000000,841.116943
2002.000000,841.121948
2976.000000,841.130554
1089.000000,841.149353
3404.000000,841.150208
843.000000,841.164124
1276.000000,841.174316
404.000000,841.179321
469.000000,841.180969
2004.000000,841.185303
974.000000,841.189148
110.000000,841.193115
1036.000000,841.199341
2175.000000,841.206665
770.000000,841.208740
1634.000000,841.215027
971.000000,841.282959
1097.000000,841.285339
2271.000000,841.295166
801.000000,841.306396
1385.000000,841.311096
3271.000000,841.313416
970.000000,841.359375
262.000000,841.372559
2031.000000,841.375610
963.000000,841.384888
1247.000000,841.393005
1720.000000,841.398865
1491.000000,841.411377
371.000000,841.420044
2366.000000,841.427246
1227.000000,841.432617
1821.000000,841.437134
1319.000000,841.450378
664.000000,841.454956
3063.000000,841.458252
2166.000000,841.466370
1434.000000,841.467896
405.000000,841.474976
1710.000000,841.478516
257.000000,841.489746
2858.000000,841.494385
2819.000000,841.495483
1072.000000,841.496460
680.000000,841.502808
953.000000,841.506287
234.000000,841.542969
453.000000,841.578857
123.000000,841.582458
1278.000000,841.589661
1582.000000,841.609558
1068.000000,841.609863
2558.000000,841.615784
2795.000000,841.621338
1406.000000,841.631470
3132.000000,841.632446
898.000000,841.632446
548.000000,841.644043
1137.000000,841.650574
1796.000000,841.658875
3055.000000,841.668640
2945.000000,841.700806
2111.000000,841.702576
2794.000000,841.730225
2326.000000,841.730408
2037.000000,841.731445
897.000000,841.733765
2118.000000,841.749878
2311.000000,841.757507
2817.000000,841.757935
2514.000000,841.765869
2748.000000,841.790894
1124.000000,841.799561
617.000000,841.807007
52.000000,841.809509
406.000000,841.809570
57.000000,841.815125
3431.000000,841.815613
2624.000000,841.819092
569.000000,841.821777
2647.000000,841.835876
2869.000000,841.845825
3261.000000,841.847168
563.000000,841.849731
2083.000000,841.855347
868.000000,841.855774
1288.000000,841.866516
2223.000000,841.867737
1645.000000,841.870178
2922.000000,841.876892
3547.000000,841.911560
2003.000000,841.914917
492.000000,841.921997
1801.000000,841.927917
91.000000,841.931641
129.000000,841.942566
851.000000,841.973083
2280.000000,841.989136
1646.000000,841.990479
3443.000000,841.995422
434.000000,841.997253
1724.000000,841.999390
2983.000000,842.016235
3112.000000,842.023987
535.000000,842.026672
3527.000000,842.055420
3129.000000,842.058594
1254.000000,842.061584
336.000000,842.066040
1661.000000,842.072876
2842.000000,842.081787
3272.000000,842.083862
1047.000000,842.096497
2420.000000,842.108826
416.000000,842.116089
930.000000,842.121826
2927.000000,842.122498
3308.000000,842.131104
3170.000000,842.163452
2806.000000,842.167480
2846.000000,842.168274
1298.000000,842.180237
1829.000000,842.206726
943.000000,842.218018
2710.000000,842.234802
2452.000000,842.242432
1334.000000,842.260010
2106.000000,842.263062
483.000000,842.265869
2482.000000,842.270752
1587.000000,842.306458
3504.000000,842.315125
816.000000,842.340759
648.000000,842.344360
3122.000000,842.347107
1547.000000,842.347412
645.000000,842.348083
3441.000000,842.353271
303.000000,842.373047
43.000000,842.385132
3304.000000,842.393005
2358.000000,842.394531
2096.000000,842.394653
1660.000000,842.399902
3051.000000,842.405212
1997.000000,842.418396
3181.000000,842.425232
1025.000000,842.427246
2034.000000,842.460632
3121.000000,842.495544
2469.000000,842.496948
3235.000000,842.507568
2702.000000,842.509399
448.000000,842.533142
370.000000,842.533630
2513.000000,842.538208
1621.000000,842.560547
2368.000000,842.563965
3011.000000,842.580505
2327.000000,842.592896
388.000000,842.595886
614.000000,842.606995
3012.000000,842.607056
1119.000000,842.636902
987.000000,842.640503
477.000000,842.641113
2312.000000,842.644775
143.000000,842.649048
520.000000,842.654541
393.000000,842.655090
2227.000000,842.658264
3394.000000,842.659302
360.000000,842.661804
96.000000,842.665161
849.000000,842.666687
1001.000000,842.674744
545.000000,842.683105
673.000000,842.684937
233.000000,842.695251
637.000000,842.698914
1383.000000,842.708496
2563.000000,842.708923
2483.000000,842.722046
400.000000,842.723022
522.000000,842.736877
3178.000000,842.745239
2868.000000,842.759705
3082.000000,842.761230
2220.000000,842.771484
2500.000000,842.775757
3141.000000,842.785522
1117.000000,842.796082
68.000000,842.806152
2116.000000,842.806641
1786.000000,842.809204
1509.000000,842.834473
458.000000,842.837524
1691.000000,842.846313
3505.000000,842.847046
441.000000,842.847168
2930.000000,842.847229
1889.000000,842.848938
2185.000000,842.853271
2140.000000,842.853638
780.000000,842.856995
683.000000,842.871033
2709.000000,842.871704
2401.000000,842.876038
595.000000,842.880066
2380.000000,842.886353
3332.000000,842.887024
2917.000000,842.896973
2672.000000,842.898254
3450.000000,842.909668
2011.000000,842.915894
783.000000,842.917847
3407.000000,842.920593
813.000000,842.923462
3228.000000,842.940002
358.000000,842.942139
163.000000,842.946228
1099.000000,842.988464
610.000000,842.998901
2405.000000,843.005615
1758.000000,843.006531
2654.000000,843.020752
394.000000,843.025391
840.000000,843.043091
1604.000000,843.051758
1312.000000,843.052002
1211.000000,843.059814
701.000000,843.061829
865.000000,843.083374
1653.000000,843.083679
990.000000,843.085571
2528.000000,843.105469
3053.000000,843.114624
791.000000,843.123779
537.000000,843.124817
1797.000000,843.132446
1987.000000,843.135986
1502.000000,843.136414
3084.000000,843.144348
3314.000000,843.145691
1357.000000,843.149963
1318.000000,843.151733
884.000000,843.163330
491.000000,843.164246
2905.000000,843.164368
2598.000000,843.173523
3436.000000,843.177795
21.000000,843.195984
319.000000,843.214355
592.000000,843.217102
2801.000000,843.229370
2653.000000,843.230225
2604.000000,843.238647
3369.000000,843.240723
1012.000000,843.246826
3347.000000,843.250427
1880.000000,843.269470
339.000000,843.284119
3256.000000,843.286865
1659.000000,843.303589
3362.000000,843.316467
973.000000,843.317017
1704.000000,843.324280
3025.000000,843.328979
1791.000000,843.331055
996.000000,843.346863
1201.000000,843.348755
845.000000,843.350525
1430.000000,843.355042
1825.000000,843.356262
1708.000000,843.366272
3251.000000,843.374390
2399.000000,843.388489
2253.000000,843.389221
1354.000000,843.389893
2222.000000,843.406250
2062.000000,843.408203
1152.000000,843.426147
3200.000000,843.426575
1002.000000,843.427734
3056.000000,843.429626
936.000000,843.430359
17.000000,843.434692
2664.000000,843.439453
3312.000000,843.444580
2947.000000,843.448059
2435.000000,843.455933
753.000000,843.457275
2749.000000,843.466003
3543.000000,843.476624
1397.000000,843.476868
1731.000000,843.485413
3095.000000,843.487427
193.000000,843.493286
2799.000000,843.494080
1529.000000,843.502991
149.000000,843.521118
1395.000000,843.527466
3393.000000,843.555786
2786.000000,843.557922
907.000000,843.558411
3033.000000,843.558960
274.000000,843.562866
1892.000000,843.567749
2544.000000,843.574341
421.000000,843.575562
732.000000,843.587463
1855.000000,843.592957
70.000000,843.609375
3059.000000,843.613342
949.000000,843.641602
2572.000000,843.642578
3062.000000,843.650574
2398.000000,843.659424
3180.000000,843.669189
147.000000,843.673645
439.000000,843.674438
175.000000,843.679199
2433.000000,843.691467
3273.000000,843.696289
2703.000000,843.704529
295.000000,843.706787
2851.000000,843.736023
998.000000,843.740234
2675.000000,843.748230
2138.000000,843.760132
1590.000000,843.765381
622.000000,843.766724
1962.000000,843.783203
734.000000,843.793701
2631.000000,843.806213
3274.000000,843.821045
1932.000000,843.824829
2740.000000,843.834229
815.000000,843.848206
981.000000,843.851685
1942.000000,843.857483
2174.000000,843.860596
2070.000000,843.884155
2350.000000,843.900452
3417.000000,843.901917
3138.000000,843.902771
2988.000000,843.923279
3390.000000,843.925110
2800.000000,843.926025
2900.000000,843.935242
2448.000000,843.938965
530.000000,843.946777
2838.000000,843.965332
342.000000,843.970032
1374.000000,843.982483
2812.000000,843.987488
1534.000000,843.996216
984.000000,843.997498
2207.000000,844.001831
1144.000000,844.004883
765.000000,844.008423
1555.000000,844.016113
2250.000000,844.022766
3281.000000,844.023560
1178.000000,844.027039
2952.000000,844.027954
1234.000000,844.044006
269.000000,844.044128
980.000000,844.049133
3340.000000,844.059692
1315.000000,844.063416
1728.000000,844.065857
2356.000000,844.066895
202.000000,844.081726
671.000000,844.086914
1182.000000,844.093567
646.000000,844.099121
823.000000,844.103455
1145.000000,844.115906
2767.000000,844.116089
488.000000,844.143494
662.000000,844.150391
3236.000000,844.152710
1314.000000,844.158142
1949.000000,844.161804
1611.000000,844.163391
1976.000000,844.176941
1460.000000,844.195374
48.000000,844.201782
793.000000,844.206665
3091.000000,844.215515
2375.000000,844.218445
706.000000,844.220520
640.000000,844.226501
2168.000000,844.234741
3345.000000,844.246216
2173.000000,844.254272
3205.000000,844.268188
2978.000000,844.269165
826.000000,844.269714
3175.000000,844.269958
1356.000000,844.275330
1459.000000,844.311340
1252.000000,844.319153
3351.000000,844.320190
2951.000000,844.325745
451.000000,844.334106
1466.000000,844.346802
922.000000,844.348206
2152.000000,844.349121
719.000000,844.353577
591.000000,844.358521
1641.000000,844.361694
225.000000,844.369019
906.000000,844.371277
3291.000000,844.404114
3301.000000,844.416504
2437.000000,844.449707
9.000000,844.461670
1296.000000,844.471680
2213.000000,844.476074
2385.000000,844.484436
2486.000000,844.486816
3184.000000,844.487122
1549.000000,844.489075
465.000000,844.489685
3512.000000,844.492920
2610.000000,844.498901
2873.000000,844.504883
1543.000000,844.504883
1233.000000,844.517334
587.000000,844.532959
2150.000000,844.537231
1166.000000,844.580017
3297.000000,844.581726
627.000000,844.583008
923.000000,844.584229
1240.000000,844.609436
3149.000000,844.619507
325.000000,844.620239
1733.000000,844.624573
1498.000000,844.633911
2704.000000,844.635193
821.000000,844.637207
2103.000000,844.638000
888.000000,844.660095
2346.000000,844.660828
3377.000000,844.672424
1287.000000,844.678833
3555.000000,844.688171
3293.000000,844.697632
1988.000000,844.706848
3220.000000,844.736877
2262.000000,844.739258
2985.000000,844.745056
3422.000000,844.747803
1082.000000,844.754395
3164.000000,844.754944
1916.000000,844.756042
1907.000000,844.762451
1890.000000,844.763428
2594.000000,844.765564
267.000000,844.767944
2209.000000,844.768005
3343.000000,844.772278
2866.000000,844.775574
71.000000,844.776184
1742.000000,844.777283
152.000000,844.783936
2273.000000,844.805176
228.000000,844.805359
955.000000,844.816284
1983.000000,844.823914
2705.000000,844.833069
1030.000000,844.837585
1546.000000,844.837952
1558.000000,844.852356
1455.000000,844.856506
771.000000,844.863464
1103.000000,844.878052
2218.000000,844.879089
1597.000000,844.880737
1268.000000,844.881592
2677.000000,844.882996
2086.000000,844.896118
181.000000,844.896362
268.000000,844.900757
3399.000000,844.909851
2256.000000,844.912781
2024.000000,844.917297
1770.000000,844.919312
183.000000,844.926392
2931.000000,844.929565
767.000000,844.930481
252.000000,844.932678
511.000000,844.940002
2975.000000,844.941284
2615.000000,844.953308
2182.000000,844.964050
2956.000000,844.980347
1311.000000,844.993225
3499.000000,845.002502
3265.000000,845.002930
1132.000000,845.007385
1081.000000,845.012512
666.000000,845.013000
72.000000,845.036072
3333.000000,845.040955
2957.000000,845.047241
2158.000000,845.047791
215.000000,845.067261
945.000000,845.071289
1028.000000,845.075134
1457.000000,845.076965
1745.000000,845.078918
73.000000,845.086731
2774.000000,845.090759
2600.000000,845.091675
2030.000000,845.092468
2877.000000,845.097839
819.000000,845.114502
986.000000,845.133545
1612.000000,845.137207
3471.000000,845.142639
1351.000000,845.143433
2189.000000,845.147888
3127.000000,845.165955
1827.000000,845.193665
1453.000000,845.197876
605.000000,845.220581
2337.000000,845.239380
810.000000,845.240479
1218.000000,845.245667
1523.000000,845.249390
609.000000,845.251892
1189.000000,845.268127
3242.000000,845.274170
836.000000,845.288269
2535.000000,845.288513
3479.000000,845.300964
606.000000,845.301697
875.000000,845.311096
1461.000000,845.315552
1991.000000,845.322388
1977.000000,845.325806
468.000000,845.336243
2736.000000,845.347351
575.000000,845.356750
13.000000,845.358032
2261.000000,845.362427
2525.000000,845.378479
1771.000000,845.396729
755.000000,845.399109
604.000000,845.402466
3.000000,845.411560
3305.000000,845.413086
3313.000000,845.423889
1989.000000,845.424866
3476.000000,845.435059
2334.000000,845.443298
2759.000000,845.447937
1045.000000,845.456787
3155.000000,845.460571
1819.000000,845.470764
2188.000000,845.471008
36.000000,845.483337
1643.000000,845.485596
3408.000000,845.488342
2462.000000,845.494446
131.000000,845.502808
657.000000,845.508118
3240.000000,845.511108
367.000000,845.517029
2940.000000,845.520081
1337.000000,845.520264
2843.000000,845.522400
2827.000000,845.528320
2081.000000,845.532104
2472.000000,845.534546
382.000000,845.538147
611.000000,845.539795
461.000000,845.545105
139.000000,845.548096
608.000000,845.548401
1938.000000,845.550537
3539.000000,845.553467
1899.000000,845.578918
1239.000000,845.591187
2854.000000,845.598328
1.000000,845.603760
2288.000000,845.632141
2907.000000,845.643799
3354.000000,845.646484
2981.000000,845.662903
850.000000,845.668945
1807.000000,845.683167
3311.000000,845.695496
3280.000000,845.713440
1419.000000,845.713989
2818.000000,845.719116
470.000000,845.720276
1775.000000,845.725952
2078.000000,845.735229
309.000000,845.750732
2989.000000,845.752930
1513.000000,845.754822
2901.000000,845.758667
3295.000000,845.767639
2119.000000,845.768127
31.000000,845.773560
1204.000000,845.779053
1714.000000,845.780640
968.000000,845.784302
681.000000,845.788879
654.000000,845.790222
1467.000000,845.794678
501.000000,845.799744
2283.000000,845.802917
1242.000000,845.806580
3153.000000,845.811340
1999.000000,845.830078
593.000000,845.842346
2145.000000,845.844849
2394.000000,845.857422
2603.000000,845.857605
250.000000,845.868225
948.000000,845.874390
720.000000,845.881409
2461.000000,845.881958
433.000000,845.882446
2226.000000,845.888672
3248.000000,845.890381
2306.000000,845.895630
3507.000000,845.897278
2179.000000,845.901306
838.000000,845.904053
345.000000,845.910767
2236.000000,845.924988
2035.000000,845.926025
1680.000000,845.928528
2903.000000,845.932983
1259.000000,845.934204
1506.000000,845.934387
11.000000,845.939575
2276.000000,845.943359
1737.000000,845.943848
397.000000,845.949463
1606.000000,845.949890
80.000000,845.958130
2878.000000,845.961121
1331.000000,845.966736
1862.000000,845.969910
2697.000000,845.976807
3536.000000,845.996582
178.000000,846.004761
2460.000000,846.009399
3409.000000,846.011292
348.000000,846.011719
1133.000000,846.013611
482.000000,846.016418
2591.000000,846.021057
509.000000,846.022095
2107.000000,846.024536
1300.000000,846.028870
985.000000,846.029480
189.000000,846.035339
3199.000000,846.041321
1423.000000,846.049927
449.000000,846.054382
2379.000000,846.058716
2771.000000,846.060852
954.000000,846.065918
1595.000000,846.080078
1985.000000,846.085449
2538.000000,846.093323
2696.000000,846.098633
2322.000000,846.101318
3416.000000,846.105103
182.000000,846.120544
1713.000000,846.121216
496.000000,846.123413
3497.000000,846.125122
2534.000000,846.128113
750.000000,846.130920
2417.000000,846.134766
321.000000,846.140625
2602.000000,846.142517
1743.000000,846.165588
2950.000000,846.167969
301.000000,846.186890
3202.000000,846.190247
2935.000000,846.196411
2529.000000,846.199646
961.000000,846.203735
372.000000,846.205627
1019.000000,846.206360
3525.000000,846.217224
2928.000000,846.219910
2613.000000,846.221863
244.000000,846.222351
612.000000,846.223450
1157.000000,846.227478
2201.000000,846.228821
2820.000000,846.237122
2021.000000,846.248230
2645.000000,846.252869
1126.000000,846.256592
1153.000000,846.257324
2719.000000,846.257812
1886.000000,846.259094
2059.000000,846.259949
481.000000,846.273865
427.000000,846.277100
2753.000000,846.288269
1139.000000,846.297729
2832.000000,846.300842
2779.000000,846.307800
2129.000000,846.323120
1541.000000,846.323242
1098.000000,846.329346
3389.000000,846.338379
2916.000000,846.338562
2316.000000,846.339905
2884.000000,846.347656
1473.000000,846.353149
2301.000000,846.368286
219.000000,846.368958
2112.000000,846.373840
3111.000000,846.374634
944.000000,846.375366
456.000000,846.375610
2297.000000,846.377441
1096.000000,846.377563
349.000000,846.381104
3342.000000,846.386597
313.000000,846.387573
1202.000000,846.388000
2948.000000,846.394348
668.000000,846.397949
1066.000000,846.399536
1447.000000,846.407288
3550.000000,846.411499
1369.000000,846.414062
387.000000,846.414490
1399.000000,846.419983
237.000000,846.423950
2547.000000,846.431885
1897.000000,846.434204
121.000000,846.439514
2281.000000,846.441101
3542.000000,846.441162
2990.000000,846.451294
758.000000,846.455627
2388.000000,846.461426
1015.000000,846.469910
718.000000,846.471558
420.000000,846.474548
3327.000000,846.475220
2088.000000,846.484924
24.000000,846.493408
2165.000000,846.495728
281.000000,846.499695
2480.000000,846.500916
327.000000,846.522217
3451.000000,846.529297
796.000000,846.529663
429.000000,846.544617
44.000000,846.547424
3486.000000,846.549744
1783.000000,846.551758
2060.000000,846.562805
874.000000,846.563599
1682.000000,846.564209
1559.000000,846.579712
1674.000000,846.580444
1809.000000,846.596863
3209.000000,846.603455
2076.000000,846.604858
1295.000000,846.615417
1927.000000,846.616638
1583.000000,846.618408
2708.000000,846.622803
2587.000000,846.625854
1849.000000,846.627319
2722.000000,846.664124
1584.000000,846.665283
3094.000000,846.666687
1787.000000,846.667603
577.000000,846.671143
626.000000,846.679504
3352.000000,846.684326
229.000000,846.703003
390.000000,846.707214
1349.000000,846.717041
2424.000000,846.719604
2090.000000,846.722229
1618.000000,846.730286
621.000000,846.736206
2768.000000,846.740601
866.000000,846.746216
99.000000,846.756775
1363.000000,846.758240
1875.000000,846.764221
2139.000000,846.777283
2084.000000,846.777466
413.000000,846.782471
2700.000000,846.786926
536.000000,846.789612
601.000000,846.795227
437.000000,846.801941
2505.000000,846.812622
1271.000000,846.833557
726.000000,846.833862
1004.000000,846.834534
2809.000000,846.843201
210.000000,846.845642
1348.000000,846.852356
3074.000000,846.857239
1780.000000,846.862732
2390.000000,846.866821
1528.000000,846.867493
1808.000000,846.870667
280.000000,846.878540
476.000000,846.882751
3077.000000,846.905762
2734.000000,846.906982
2946.000000,846.917480
1826.000000,846.925110
1231.000000,846.939880
1495.000000,846.948242
2359.000000,846.954102
3287.000000,846.963501
2364.000000,846.966614
776.000000,846.967102
3320.000000,846.976257
761.000000,846.977173
2063.000000,846.981323
168.000000,846.990051
3387.000000,846.990967
2197.000000,846.999512
3238.000000,847.000916
499.000000,847.005066
2304.000000,847.019592
3335.000000,847.024414
3211.000000,847.049927
230.000000,847.050415
276.000000,847.050842
576.000000,847.053040
842.000000,847.056274
1445.000000,847.062988
3330.000000,847.066711
3102.000000,847.074768
717.000000,847.074768
272.000000,847.078735
3052.000000,847.089966
3078.000000,847.091675
238.000000,847.091797
1375.000000,847.100098
2093.000000,847.100525
432.000000,847.105164
27.000000,847.112183
1109.000000,847.120728
3419.000000,847.142395
3380.000000,847.143494
2041.000000,847.156311
289.000000,847.157654
1193.000000,847.160950
550.000000,847.163147
2360.000000,847.164062
2676.000000,847.180237
1905.000000,847.183838
2421.000000,847.186951
647.000000,847.199341
154.000000,847.209778
1972.000000,847.209961
1703.000000,847.216980
599.000000,847.220032
150.000000,847.236328
597.000000,847.239990
2453.000000,847.245544
2450.000000,847.247314
3210.000000,847.249023
391.000000,847.250488
1828.000000,847.267578
534.000000,847.275024
3179.000000,847.282410
1414.000000,847.295166
2687.000000,847.300354
3276.000000,847.305908
926.000000,847.307983
29.000000,847.318848
3508.000000,847.318909
1842.000000,847.319031
3083.000000,847.325928
3098.000000,847.333862
564.000000,847.335388
3453.000000,847.347656
1021.000000,847.349121
59.000000,847.350281
2471.000000,847.353455
133.000000,847.354675
2725.000000,847.358093
1633.000000,847.359985
1873.000000,847.364014
2183.000000,847.364319
1970.000000,847.388367
1196.000000,847.392090
3430.000000,847.393738
1824.000000,847.395691
204.000000,847.399780
733.000000,847.412781
1362.000000,847.428101
1857.000000,847.429199
1235.000000,847.435425
1435.000000,847.450867
444.000000,847.455688
161.000000,847.470764
2408.000000,847.471802
197.000000,847.473877
2397.000000,847.478149
1850.000000,847.484985
3165.000000,847.491699
1333.000000,847.494629
1269.000000,847.495789
672.000000,847.502075
3241.000000,847.516541
201.000000,847.525085
2006.000000,847.525513
3481.000000,847.543701
2658.000000,847.549622
1085.000000,847.552368
395.000000,847.553772
3217.000000,847.561035
739.000000,847.561707
2659.000000,847.575623
1944.000000,847.583374
170.000000,847.603882
517.000000,847.608521
474.000000,847.610168
1329.000000,847.614319
2864.000000,847.629578
3406.000000,847.634888
286.000000,847.655640
920.000000,847.658569
2882.000000,847.678772
1368.000000,847.681702
3277.000000,847.681885
2783.000000,847.692505
1243.000000,847.694214
2629.000000,847.694641
3269.000000,847.696899
3413.000000,847.700256
3239.000000,847.731628
3519.000000,847.739868
3383.000000,847.742065
1588.000000,847.743286
3548.000000,847.750366
124.000000,847.751709
3298.000000,847.759827
1347.000000,847.761414
1327.000000,847.763123
307.000000,847.768677
798.000000,847.769226
3477.000000,847.772400
1412.000000,847.772461
42.000000,847.782104
1486.000000,847.784973
422.000000,847.803833
158.000000,847.804443
1210.000000,847.806702
642.000000,847.811096
2020.000000,847.814392
2607.000000,847.816406
505.000000,847.834534
1422.000000,847.843323
1392.000000,847.851013
445.000000,847.862061
1265.000000,847.862915
2144.000000,847.895569
3267.000000,847.898193
2885.000000,847.900696
209.000000,847.908691
2392.000000,847.917114
2489.000000,847.920837
2142.000000,847.921265
493.000000,847.922913
105.000000,847.939514
521.000000,847.957886
602.000000,847.959778
3429.000000,847.963867
2367.000000,847.973511
1675.000000,847.988220
2488.000000,847.996216
1321.000000,847.997253
362.000000,847.997375
3532.000000,847.998474
2724.000000,847.998901
323.000000,848.014343
919.000000,848.020386
3162.000000,848.022095
1450.000000,848.024414
1858.000000,848.024780
2943.000000,848.025635
887.000000,848.026062
2361.000000,848.026245
2964.000000,848.028687
2616.000000,848.036072
1266.000000,848.041809
1121.000000,848.045898
240.000000,848.048340
855.000000,848.050171
3022.000000,848.051086
90.000000,848.051270
2961.000000,848.052612
1165.000000,848.061279
1360.000000,848.071289
3168.000000,848.079468
3336.000000,848.088135
1493.000000,848.090881
2241.000000,848.091431
2319.000000,848.106079
3190.000000,848.118469
3418.000000,848.122742
1563.000000,848.125305
153.000000,848.125488
889.000000,848.147583
2147.000000,848.149475
211.000000,848.152344
2530.000000,848.152771
1470.000000,848.169861
529.000000,848.174072
552.000000,848.175781
1626.000000,848.181030
1774.000000,848.185669
2855.000000,848.186340
2798.000000,848.188965
1746.000000,848.189758
1617.000000,848.191467
2434.000000,848.198486
2634.000000,848.199646
892.000000,848.199951
347.000000,848.201538
1793.000000,848.203918
1752.000000,848.213501
2005.000000,848.213501
277.000000,848.218811
2131.000000,848.225525
1696.000000,848.226990
965.000000,848.236572
1994.000000,848.248657
1147.000000,848.250977
1701.000000,848.252197
2419.000000,848.256897
708.000000,848.257202
2289.000000,848.263245
975.000000,848.264648
2908.000000,848.270325
2217.000000,848.273438
2852.000000,848.273499
2518.000000,848.274353
894.000000,848.287598
507.000000,848.292114
3541.000000,848.296997
905.000000,848.317383
2362.000000,848.327759
2386.000000,848.328369
711.000000,848.330139
1364.000000,848.333313
2599.000000,848.335632
3068.000000,848.336670
1902.000000,848.342957
1203.000000,848.344177
1425.000000,848.346924
1592.000000,848.350525
2171.000000,848.355408
1542.000000,848.364563
3561.000000,848.370300
1982.000000,848.386536
812.000000,848.387024
264.000000,848.395569
2601.000000,848.407593
3186.000000,848.417114
1663.000000,848.418884
2101.000000,848.423645
114.000000,848.446472
1040.000000,848.450623
1823.000000,848.456299
1065.000000,848.459595
3365.000000,848.460693
67.000000,848.463867
2895.000000,848.465332
1173.000000,848.467529
1480.000000,848.477539
2473.000000,848.483276
976.000000,848.483398
261.000000,848.490112
879.000000,848.531128
1952.000000,848.534790
1946.000000,848.540955
3076.000000,848.545654
510.000000,848.548706
3373.000000,848.549561
660.000000,848.554810
2238.000000,848.556946
2887.000000,848.568970
1390.000000,848.577087
2999.000000,848.580811
2913.000000,848.587280
691.000000,848.589844
2875.000000,848.591553
3128.000000,848.598328
1521.000000,848.611755
709.000000,848.620911
2342.000000,848.634155
176.000000,848.636475
1947.000000,848.640808
1705.000000,848.642944
1865.000000,848.645813
63.000000,848.646667
3518.000000,848.649475
141.000000,848.664001
220.000000,848.669739
83.000000,848.672607
2177.000000,848.673706
1760.000000,848.679260
3502.000000,848.681824
3096.000000,848.682922
3554.000000,848.698608
2.000000,848.710999
2750.000000,848.711182
634.000000,848.728394
1022.000000,848.732300
2198.000000,848.734436
2268.000000,848.740112
528.000000,848.749329
655.000000,848.751038
157.000000,848.753052
3412.000000,848.758850
2713.000000,848.770813
1077.000000,848.789368
2416.000000,848.792847
1404.000000,848.804321
1481.000000,848.804504
1538.000000,848.816223
2438.000000,848.822327
2919.000000,848.825317
2706.000000,848.836792
1531.000000,848.872620
1073.000000,848.876343
2688.000000,848.882935
2849.000000,848.884033
187.000000,848.888489
903.000000,848.889587
2597.000000,848.893677
3158.000000,848.896362
1222.000000,848.896912
1736.000000,848.901733
343.000000,848.925842
792.000000,848.926331
1338.000000,848.933838
256.000000,848.937195
3139.000000,848.941345
3000.000000,848.941528
2247.000000,848.965576
2348.000000,848.974243
2497.000000,848.974792
302.000000,848.975342
3046.000000,848.982239
2475.000000,848.985657
3204.000000,848.987122
2807.000000,849.004028
2859.000000,849.014160
861.000000,849.014526
254.000000,849.028259
3105.000000,849.035950
1344.000000,849.038452
2772.000000,849.044617
2932.000000,849.046692
2721.000000,849.047607
3440.000000,849.053650
1281.000000,849.055115
2230.000000,849.060242
2912.000000,849.078491
3014.000000,849.078735
2061.000000,849.079102
2839.000000,849.081848
3245.000000,849.082642
312.000000,849.083496
839.000000,849.092285
1853.000000,849.093872
503.000000,849.098999
2444.000000,849.102966
1557.000000,849.104126
2169.000000,849.104675
408.000000,849.108704
1402.000000,849.110901
2287.000000,849.130981
1741.000000,849.149109
1232.000000,849.149292
28.000000,849.154419
2136.000000,849.166992
368.000000,849.195068
3321.000000,849.196655
3328.000000,849.208130
2097.000000,849.210571
3307.000000,849.210693
1172.000000,849.214722
2822.000000,849.230408
1738.000000,849.230591
3275.000000,849.257507
2235.000000,849.257812
2330.000000,849.260498
2464.000000,849.263062
1852.000000,849.270081
2941.000000,849.275940
3452.000000,849.281250
379.000000,849.291809
807.000000,849.299622
1622.000000,849.301453
3198.000000,849.304199
1149.000000,849.306458
3326.000000,849.314514
304.000000,849.323242
950.000000,849.326538
3037.000000,849.329285
584.000000,849.334106
2085.000000,849.334229
2592.000000,849.336304
2036.000000,849.337524
423.000000,849.348877
1707.000000,849.354919
1754.000000,849.357178
1411.000000,849.363403
3041.000000,849.364563
245.000000,849.371948
1199.000000,849.388733
1216.000000,849.393860
2674.000000,849.397461
2516.000000,849.408264
2372.000000,849.410522
2630.000000,849.411255
16.000000,849.413940
2128.000000,849.414551
1840.000000,849.418213
712.000000,849.419006
266.000000,849.427185
1806.000000,849.435730
1150.000000,849.448181
415.000000,849.451599
2176.000000,849.454651
3463.000000,849.455750
1436.000000,849.461853
3019.000000,849.464783
566.000000,849.465332
3397.000000,849.466980
3194.000000,849.467712
3467.000000,849.471558
737.000000,849.473267
2984.000000,849.474060
921.000000,849.482178
1769.000000,849.488220
3207.000000,849.490662
1830.000000,849.492310
2320.000000,849.509155
2519.000000,849.521423
870.000000,849.522461
2707.000000,849.553528
1993.000000,849.568970
3501.000000,849.570679
2298.000000,849.573303
2926.000000,849.576538
2252.000000,849.577576
1106.000000,849.585327
1556.000000,849.586121
3206.000000,849.587341
3109.000000,849.608521
1767.000000,849.611633
1845.000000,849.620667
2439.000000,849.620972
3286.000000,849.630127
1056.000000,849.644836
81.000000,849.648438
2581.000000,849.655396
1794.000000,849.659790
1301.000000,849.664185
3546.000000,849.669067
299.000000,849.678467
2685.000000,849.687256
489.000000,849.694702
3425.000000,849.696167
1519.000000,849.707825
1925.000000,849.711609
1387.000000,849.721130
2027.000000,849.724976
940.000000,849.731384
2163.000000,849.737915
1973.000000,849.742676
2154.000000,849.744141
1161.000000,849.762878
891.000000,849.763916
1335.000000,849.764038
1698.000000,849.765198
3285.000000,849.768494
3029.000000,849.768555
1715.000000,849.773071
3405.000000,849.788269
1104.000000,849.790405
803.000000,849.794250
1562.000000,849.796326
3544.000000,849.803162
2159.000000,849.806580
2351.000000,849.811768
2211.000000,849.812805
832.000000,849.816223
3137.000000,849.826355
62.000000,849.835510
632.000000,849.844910
1164.000000,849.858459
2909.000000,849.860413
265.000000,849.861328
1650.000000,849.862732
160.000000,849.863586
567.000000,849.864075
2939.000000,849.872620
2122.000000,849.890320
1799.000000,849.890381
172.000000,849.911987
1878.000000,849.915344
2609.000000,849.920654
485.000000,849.926331
354.000000,849.928650
2742.000000,849.929749
508.000000,849.933105
560.000000,849.943726
2249.000000,849.947144
1778.000000,849.972046
1248.000000,849.978943
942.000000,849.980652
457.000000,849.981262
3100.000000,849.993042
