-0.055599
0.0468246
-0.0321664
-0.065
-0.0261802
-0.065
0.000692315
-0.0641724
-0.0556091
-0.0469014
-0.0320401
-0.0368433
-0.061617
-0.0598986
-0.0535682
-0.065
-0.0476221
-0.0441192
-0.0498984
0.000641466
-0.0173916
-0.065
-0.065
0.000211114
-0.035557
-0.0487938
0.0382311
-0.0617979
-0.0511115
-0.0512678
0.0341198
-0.0623417
-0.040804
-0.031999
-0.0509027
-0.0495655
-0.065
-0.057244
0.012239
0.0319592
-0.065
-0.065
-0.0478316
-0.065
0.0195113
-0.0633467
-0.0577505
-0.000632125
-0.065
-0.0500633
-0.0630434
-0.0629533
-0.000810349
-0.0633203
-0.065
0.0518222
-0.0544276
-0.0416682
-0.0471943
0.00364239
0.130674
-0.0547397
-0.00600322
-0.065
-0.065
0.0177658
-0.065
-0.0522592
-0.065
0.0551476
-0.065
0.0452864
0.024597
-0.0370822
-0.0304216
0.0490861
-0.0647993
-0.065
-0.0423624
-0.0463014
-0.065
-0.014006
-0.065
0.003933
-0.0578382
0.0757524
-0.0250729
0.0620696
-0.065
-0.065
-0.0365445
0.075894
-0.0556791
0.015354
-0.0537953
-0.0614609
-0.0255528
-0.065
0.101962
-0.065
-0.0634851
-0.0274774
-0.0624382
-0.065
-0.065
-0.0540895
-0.0122308
-0.0235457
0.0428771
-0.0582698
-0.065
-0.0600172
0.033566
-0.065
0.040187
-0.0637212
-0.0422043
-0.0557811
-0.0134132
-0.065
-0.0451319
-0.065
-0.065
-0.062096
0.0236548
-0.0123113
-0.065
0.00424156
0.0266286
-0.0553496
0.0143561
-0.0514492
-0.0299864
-0.0545528
-0.0509536
-0.065
-0.0350653
-0.0612248
0.011961
-0.0618128
-0.0540041
-0.00359589
-0.0601289
-0.0622956
-0.0523934
0.00342959
-0.065
-0.0515793
-0.0470495
-0.053723
-0.00215592
0.0586142
0.0373438
-0.0395804
-0.0238457
-0.0263707
-0.0541876
-0.0624723
-0.065
-0.065
-0.0434967
0.0272288
-0.0533168
-0.0547902
0.0190565
0.00413486
-0.0554384
-0.0476092
-0.065
-0.0552556
-0.015219
0.0371906
-0.020124
-0.0480748
-0.0501985
-0.0314928
-0.0486123
-0.0233852
-0.0458379
-0.065
-0.0429281
0.0147743
-0.0441416
0.00930968
-0.0372214
-0.0237708
-0.0444246
0.0148103
-0.0581521
-0.0395779
-0.0201987
-0.065
-0.065
-0.00619186
-0.0361531
-0.065
-0.000513915
-0.0570991
-0.0553049
-0.0487478
-0.0354832
-0.0309312
-0.0455432
0.0104358
-0.065
-0.0378111
-0.0568262
-0.0102079
-0.0529783
0.000641466
-0.0546565
-0.0566753
-0.0203726
0.0126572
-0.0218174
-0.0266631
-0.00167076
0.0332398
0.0130304
-0.0226083
-0.0588318
-0.0598967
-0.0245789
-0.0351052
-0.0284325
-0.065
-0.065
-0.065
-0.0560832
-0.0147945
-0.0185915
-0.0642229
-0.0329429
-0.0461956
-0.0554355
-0.0407737
-0.0571559
-0.0405772
-0.065
-0.065
-0.0396857
-0.0581435
-0.0450549
-0.065
-0.0583407
-0.0469762
-0.0229391
-0.0646524
-0.0251294
0.000593122
-0.0575732
-0.065
-0.00993402
0.0138986
-0.0293038
0.0599064
-0.0378678
-0.031808
-0.065
-0.0643329
-0.065
-0.0565784
-0.0416837
-0.0429058
-0.0607545
-0.065
-0.030069
-0.065
-0.0631467
-0.0230395
-0.0594291
-0.0528573
-0.00678424
-0.00634309
-0.0413348
-0.065
-0.0476261
-0.065
0.0653457
-0.0456114
-0.0570504
-0.0257324
0.0287916
-0.00991772
-0.0444678
-0.065
-0.0429646
0.0216746
-0.0545408
-0.065
