4103
1022,719.35498
2890,720.487488
4019,747.37561
1551,747.634705
2317,749.805725
2761,750.131042
2759,752.029358
3690,752.588135
1877,752.8927
366,755.472168
2519,757.367798
76,758.097473
256,758.188721
478,758.418823
1129,758.664551
1315,759.166809
2913,759.182068
1211,759.212036
4030,760.272217
699,760.7005
2784,760.742676
3277,760.966675
285,761.36499
2314,761.547913
1057,761.872559
900,762.675964
1577,763.714294
1004,764.059326
1078,764.211792
2400,764.527405
2161,764.557312
2830,765.003113
1248,765.273376
2629,765.798462
951,765.866943
1592,766.089966
2057,766.48938
3849,766.63324
3061,766.76062
3964,767.411438
1893,767.657898
856,768.489441
14,768.519714
729,768.68335
5,769.405029
742,769.734924
1521,769.743652
3138,769.92865
3780,770.159424
430,770.223633
1705,770.309937
362,770.58313
3991,770.619446
2085,770.709717
1241,771.01825
279,771.382385
2347,772.315857
1698,772.67511
2170,772.75824
1628,772.76001
2871,773.068726
2657,773.613342
360,773.67334
230,773.758179
1900,774.802429
3406,774.963013
340,775.029541
1782,775.219482
344,775.337891
164,775.966187
2180,776.149658
127,776.361511
3581,776.528198
106,777.217712
429,777.313293
956,777.325562
1192,777.759094
907,777.784058
1986,778.214844
144,778.523804
2660,778.746338
3063,778.847839
3877,778.997131
843,779.117615
2947,779.14209
45,779.600525
613,779.711548
393,779.715393
582,780.194275
1869,780.35376
3708,781.370911
2554,781.6604
4042,782.142944
1147,782.257141
518,782.447937
2315,782.459839
3825,782.560364
1483,782.592957
2255,782.717285
2742,783.20697
2439,783.254211
1215,783.324341
376,783.390442
695,783.480164
1622,783.55426
1990,783.746033
3212,783.767517
4015,783.868774
3560,783.868958
2222,784.067993
1507,784.106323
3291,784.492188
2373,784.715881
1362,784.797668
3874,784.848694
2100,784.935608
3994,785.28894
3542,785.34613
2952,785.461304
2012,785.684937
2576,785.690918
3898,785.811707
1175,785.830933
1692,785.846313
1911,785.938354
3956,786.037109
1228,786.303894
408,786.623352
1254,786.71814
2104,786.878113
3402,787.066162
1816,787.185303
292,787.229492
1817,787.374023
561,787.384949
166,787.468872
1104,787.642273
1274,787.894653
1597,787.953918
533,788.030945
2646,788.049805
3215,788.167908
2714,788.185486
3216,788.27655
502,788.408691
1670,788.513184
4033,788.690063
1889,789.002075
1733,789.021729
606,789.118042
3000,789.381897
1892,789.434753
4009,789.532654
1210,789.583008
1455,789.696045
3643,789.752502
723,790.484497
787,790.647766
2504,790.743164
650,790.868408
957,790.939697
2639,790.948547
879,791.009033
3192,791.644165
2574,791.852722
3422,791.898804
204,792.025818
2014,792.210205
2034,792.323486
1917,792.493286
150,792.515381
3500,792.634277
1940,792.717529
3680,792.893799
1823,793.119019
3257,793.127075
2878,793.146606
3052,793.17749
1634,793.17804
859,793.481995
3562,793.589478
102,793.592896
1713,793.637939
1861,793.661682
790,793.72406
2173,793.772705
3859,793.805054
2885,794.061646
3901,794.096924
2479,794.166199
3913,794.218994
1158,794.371704
3080,794.388977
1377,794.425293
2811,794.426941
1694,794.510315
1617,794.564819
2498,794.56897
1905,794.650879
1388,794.678955
2145,794.746155
735,794.868164
352,794.939087
1727,794.975403
3070,795.065613
3093,795.145752
1599,795.229309
3873,795.296509
1263,795.345276
2551,795.367737
1552,795.390808
247,795.455505
2483,795.532288
2311,795.558044
307,795.659607
2390,795.679199
3248,795.720032
3609,795.722595
3250,795.767883
1017,795.830444
3866,796.286255
2954,796.457642
2199,796.571777
2866,796.633118
908,796.646973
3590,796.656982
924,796.663086
1469,796.749756
3743,796.761719
4090,797.059021
2719,797.08252
107,797.134155
2632,797.136475
1612,797.255432
3132,797.436829
3894,797.446045
390,797.539368
3446,797.545837
800,797.608643
2341,797.632141
328,797.65802
1792,797.733276
724,797.73938
1627,797.996582
4035,798.131226
2207,798.134338
398,798.277771
2084,798.291443
4012,798.341492
3186,798.413635
2903,798.419312
3116,798.459717
1184,798.497253
3047,798.539062
871,798.571045
3979,798.573608
317,798.763489
3115,798.799805
3062,798.805969
1975,798.843689
1718,798.895386
6,798.944763
1156,798.944885
3043,799.025208
2596,799.036926
2651,799.048279
1954,799.096863
2462,799.132935
1035,799.141052
145,799.19458
2654,799.276001
2778,799.370483
1073,799.411255
1769,799.475037
833,799.486511
974,799.517334
1400,799.592468
2530,799.696594
3715,799.711975
1666,799.84729
1149,799.942566
1682,800.008057
1468,800.020142
2109,800.102356
2652,800.265564
3582,800.337219
15,800.481201
634,800.486267
490,800.550232
2059,800.551819
1293,800.571655
1703,800.71936
1353,800.795959
1163,800.842163
3273,800.960693
1952,800.986755
2731,801.151489
1137,801.178833
3466,801.205811
3254,801.226929
3350,801.259094
1797,801.306274
2535,801.3396
2927,801.450745
3476,801.493469
1768,801.540955
2078,801.569702
2894,801.681458
3846,801.856079
3377,801.88147
3516,801.897461
3435,801.924194
2002,801.99884
3597,802.177979
3311,802.399475
240,802.406006
3082,802.429565
162,802.496704
4022,802.664917
1637,802.697693
3238,802.698547
3463,802.862793
2137,802.871399
1091,802.897766
642,802.984131
746,803.014465
666,803.048401
3727,803.090881
1401,803.101196
235,803.11969
550,803.298157
4099,803.309387
2355,803.312683
2348,803.353516
2305,803.402405
4048,803.487183
1347,803.531616
3734,803.542175
1150,803.611755
1488,803.636108
1801,803.640686
845,803.688538
1567,803.709961
1135,803.822937
3131,803.883972
2517,803.926758
930,804.08844
1980,804.113342
3326,804.118103
88,804.119568
3633,804.128906
1685,804.148865
2189,804.204956
2156,804.323059
824,804.34137
1908,804.387085
736,804.447083
3776,804.508362
197,804.580933
1390,804.624512
1894,804.636414
3696,804.654846
1442,804.804382
1906,804.833679
865,805.117065
2691,805.232056
3031,805.249084
3321,805.287231
2217,805.33606
1021,805.347473
3870,805.358826
92,805.36853
665,805.445984
545,805.477478
174,805.525085
3938,805.572449
2349,805.612061
239,805.618225
2758,805.666626
1385,805.725037
3456,805.768677
2441,805.884338
3653,805.947327
575,805.983826
3037,806.003235
1454,806.023315
1008,806.049377
252,806.144958
2112,806.199463
2272,806.246704
4072,806.256287
2852,806.365356
4056,806.48114
1677,806.606445
741,806.652161
652,806.666382
407,806.711609
1167,806.741577
3662,806.750916
383,806.767334
1947,806.820251
586,806.827209
20,806.87207
3073,806.919617
708,806.931641
1935,806.953979
101,806.984985
2835,807.052063
2393,807.252197
1255,807.306458
8,807.319031
3800,807.328918
576,807.329468
1324,807.353027
2350,807.364014
637,807.364807
2562,807.398804
3185,807.408325
435,807.408813
2053,807.420532
338,807.486084
2433,807.513184
3655,807.531921
3733,807.549622
93,807.571533
3305,807.57312
320,807.582764
3504,807.609863
756,807.61084
2764,807.644836
2995,807.661987
3926,807.747498
1509,807.750061
137,807.782166
1570,807.811646
2027,807.863708
3862,807.880798
2678,807.885803
2693,807.93103
3544,807.988342
2101,807.994751
1188,807.995911
3674,808.011597
94,808.030884
1505,808.031067
1695,808.072693
1431,808.083496
1495,808.235413
329,808.301086
728,808.301636
448,808.423828
3264,808.62384
693,808.660217
952,808.689087
2066,808.689514
2701,808.693848
1638,808.695068
3592,808.708862
1294,808.732056
3623,808.754333
3225,808.757019
2023,808.87085
2748,808.932068
560,808.94812
195,808.971191
3889,809.024414
3442,809.093567
803,809.098755
2532,809.101135
1405,809.141357
2158,809.151672
1433,809.15918
732,809.269836
3117,809.272156
2210,809.284729
2783,809.344543
1194,809.392578
3146,809.471313
3113,809.55481
3349,809.574341
2690,809.812988
2717,809.914001
143,809.919434
22,809.932068
3931,809.97937
1146,809.983215
1169,810.030884
2060,810.068848
3079,810.070923
2824,810.148926
2080,810.208984
153,810.229187
2568,810.240967
1307,810.460388
3193,810.463379
180,810.474426
1702,810.475037
273,810.548828
2444,810.600525
3394,810.638611
3584,810.639954
639,810.659241
1448,810.688538
2837,810.711365
2626,810.793457
1786,810.822876
944,810.857666
1265,810.860046
1657,810.880676
2960,810.947632
3308,810.955017
654,810.962646
911,810.976562
3787,811.018127
1944,811.080505
2577,811.093018
1788,811.101013
3711,811.125366
439,811.14563
3100,811.207703
1746,811.208374
2988,811.218262
4002,811.258911
2857,811.310181
2196,811.324158
4014,811.339539
216,811.343018
3009,811.357971
3685,811.52832
2366,811.569458
1179,811.595886
3572,811.616333
3042,811.637451
3975,811.731628
3891,811.754272
2226,811.793945
2284,811.797241
539,811.803345
2001,811.839905
1636,811.899292
3102,811.954224
1876,811.956726
1529,811.967957
2260,811.985046
1106,811.989502
3917,812.008789
3323,812.020569
2669,812.080994
1301,812.091309
1145,812.127136
1332,812.153809
1378,812.174622
1667,812.185425
2972,812.217651
3315,812.225403
3768,812.237244
1819,812.349304
125,812.34967
51,812.428467
1751,812.429565
485,812.445374
1921,812.447205
2115,812.490479
119,812.516846
3457,812.532104
1458,812.539673
1896,812.558105
2493,812.677307
2675,812.68988
2312,812.758667
3808,812.845093
1708,812.887207
2397,812.93811
1283,812.984436
981,812.990112
3945,812.992493
4079,812.995483
2336,813.032532
2910,813.036804
2997,813.082275
3997,813.115112
1924,813.205994
3334,813.22168
2967,813.264099
19,813.265564
982,813.272156
1646,813.296692
4034,813.308044
480,813.308228
3371,813.344177
2240,813.466553
1880,813.479126
1484,813.55127
1269,813.597229
259,813.633728
1710,813.650696
1850,813.662292
1923,813.737854
1938,813.81134
3639,813.839661
711,813.932983
2514,814.02478
563,814.03595
852,814.100098
268,814.16272
1809,814.165955
969,814.180115
629,814.188416
3878,814.24292
433,814.268127
1847,814.272583
3570,814.282349
183,814.300293
607,814.300293
1128,814.315857
1437,814.323669
3121,814.342651
713,814.350159
3658,814.356018
537,814.366699
2326,814.473999
198,814.487671
1403,814.520325
1336,814.541077
3243,814.546509
3813,814.555725
1586,814.593628
1858,814.631531
1227,814.636047
3258,814.63855
4039,814.662109
49,814.668213
3525,814.693176
1890,814.78949
3948,814.983337
966,814.992004
899,815.020752
827,815.050049
2953,815.058167
3821,815.110107
3461,815.119141
1299,815.125977
3252,815.157227
721,815.189209
4057,815.261108
3360,815.311096
1600,815.350342
544,815.354675
4081,815.370361
3654,815.464111
1172,815.47876
160,815.573853
3014,815.666138
611,815.681213
3778,815.688843
683,815.694763
2982,815.694824
785,815.771545
633,815.810608
2601,815.819458
2777,815.847412
2604,815.917114
1198,815.917419
2920,815.959351
4078,816.058228
761,816.060791
2241,816.067505
2689,816.103699
2635,816.129333
2855,816.133057
1689,816.136719
1425,816.139771
1791,816.14209
3612,816.185303
2251,816.190674
1958,816.20282
3242,816.249573
65,816.261658
2543,816.275635
1464,816.32196
1826,816.335815
805,816.336853
1632,816.361572
768,816.461975
4087,816.473572
995,816.504028
2970,816.512756
3019,816.533508
3036,816.538147
3847,816.548096
592,816.554321
4047,816.581665
1805,816.60553
3159,816.622437
3936,816.650208
598,816.664551
1413,816.679626
3566,816.723083
26,816.729858
3840,816.746521
3661,816.759277
3427,816.763306
325,816.785828
705,816.786682
3659,816.789368
2447,816.808716
2819,816.876587
3851,816.895752
2478,816.916199
2131,816.970886
703,816.993225
3858,816.998108
2805,817.009766
2246,817.043579
3784,817.047485
2799,817.062256
2377,817.173157
382,817.205261
2723,817.239624
2212,817.257996
2209,817.278931
2864,817.322876
828,817.382385
3490,817.395203
3124,817.451965
2854,817.466492
2843,817.48584
1133,817.521973
2674,817.522949
86,817.559753
603,817.562805
754,817.574829
3856,817.575684
1304,817.58075
428,817.591248
326,817.602722
2200,817.636047
976,817.688721
698,817.722839
1160,817.740417
2369,817.742798
1350,817.748413
368,817.782166
1967,817.794434
940,817.829773
3574,817.830505
3799,817.858093
315,817.864929
3895,817.879761
3583,817.883179
3914,817.91333
3397,817.924011
737,817.978821
2934,817.980225
4102,817.984009
2917,818.027466
618,818.043579
2860,818.043884
169,818.058167
3529,818.09613
1659,818.118225
1756,818.124207
1404,818.13385
3309,818.230835
1450,818.233521
3262,818.236267
3923,818.257812
4053,818.277832
3513,818.283752
2900,818.302429
2643,818.310059
1235,818.351501
2072,818.357361
54,818.394348
2423,818.395813
2667,818.474854
3968,818.491394
1965,818.49292
3368,818.509094
1732,818.520447
3899,818.533325
2449,818.602295
2620,818.612793
280,818.627197
2041,818.654785
2419,818.658997
1392,818.693787
1951,818.769592
3954,818.789978
661,818.791504
2569,818.833984
39,818.836731
3214,818.869751
1260,818.892761
1049,818.90271
3959,818.928406
2792,818.994141
1367,819.014893
546,819.051147
2868,819.072083
3573,819.078003
1501,819.128784
135,819.13623
224,819.167786
529,819.200989
1544,819.23468
3741,819.235535
37,819.245056
2768,819.245789
3189,819.296631
1840,819.316956
3478,819.322815
2412,819.325867
3251,819.339722
4041,819.376526
1700,819.383057
772,819.387207
1479,819.446716
372,819.498596
1903,819.540466
2506,819.605042
177,819.606506
2009,819.617065
1393,819.627441
3520,819.704041
2729,819.709229
552,819.776245
2197,819.789917
2421,819.821655
209,819.849609
788,819.857727
1122,819.868225
825,819.878113
2205,819.90332
3983,820.016602
2938,820.066223
3142,820.088318
134,820.090149
2003,820.111145
2129,820.153625
2881,820.261841
538,820.277161
1189,820.281555
3754,820.300049
1902,820.345642
3629,820.364868
1240,820.403992
3838,820.481018
3596,820.493835
3127,820.536499
1857,820.568115
1131,820.573792
2503,820.578674
3013,820.605042
2144,820.654358
3041,820.658447
3839,820.675659
3471,820.67572
623,820.677551
1284,820.728394
3710,820.732971
3835,820.737122
3618,820.742554
720,820.75531
1760,820.829468
126,820.836365
1726,820.849609
752,820.878967
3230,820.886169
1730,820.895752
1573,820.911865
2822,820.934814
1373,820.97522
129,821.022217
1143,821.061462
2785,821.074768
950,821.110229
1723,821.17334
508,821.228027
1985,821.23938
998,821.252808
1069,821.318359
1166,821.336243
3296,821.343872
1459,821.344604
1374,821.375366
1993,821.402283
2424,821.432312
2049,821.465393
3549,821.466125
3569,821.488037
1550,821.506348
3976,821.508911
1157,821.555786
3444,821.563232
2705,821.580933
3136,821.587646
3905,821.600586
1895,821.619446
3008,821.629395
2713,821.652649
2220,821.656921
1963,821.71759
402,821.749329
2198,821.751953
1268,821.762146
2888,821.809875
109,821.871521
1327,821.963867
3888,821.970764
1672,821.971741
1117,821.989258
333,822.036316
2810,822.049927
2454,822.054321
2035,822.083191
1818,822.105042
3748,822.114563
881,822.142517
4,822.143494
84,822.156677
3106,822.170532
2047,822.215881
808,822.219116
3830,822.237061
2288,822.254883
2182,822.288635
1994,822.328125
3324,822.334045
1439,822.341797
2640,822.359924
501,822.365723
1669,822.406677
1164,822.428772
3498,822.442627
213,822.458313
710,822.458984
1968,822.460571
3688,822.477295
2299,822.478882
2344,822.488098
1421,822.490295
415,822.535767
217,822.550842
1360,822.617065
3033,822.640381
3937,822.669495
3188,822.702759
1996,822.755859
1055,822.796387
1181,822.82489
620,822.84729
955,822.855164
1919,822.875793
3270,822.881165
595,822.89856
3163,822.899048
2184,822.908142
1036,822.954895
3697,822.958984
4077,822.963562
1264,822.963806
2709,822.975525
3404,822.987427
2321,823.036865
2597,823.037292
310,823.095886
2155,823.105164
2650,823.132568
380,823.136292
3965,823.155884
3313,823.170105
1741,823.24823
2372,823.278076
2264,823.292419
78,823.305847
1420,823.32251
3174,823.335754
3586,823.35022
2229,823.383484
3903,823.409729
1545,823.450806
651,823.464539
1870,823.469421
3436,823.552917
2525,823.554626
3284,823.556396
1496,823.556702
3960,823.570129
411,823.570984
1139,823.662231
1835,823.674988
513,823.679932
116,823.68457
2539,823.696228
553,823.716125
731,823.727173
1253,823.734924
3092,823.735413
33,823.759827
886,823.76123
2186,823.780518
3815,823.782532
645,823.809692
571,823.824097
1673,823.845459
3475,823.855286
3104,823.873413
405,823.922241
2962,823.924133
446,823.933899
1242,823.943481
3642,823.96582
322,823.979858
3204,823.989319
2432,823.989868
903,824.00946
2685,824.040161
857,824.044373
1266,824.046753
3253,824.084045
2628,824.08606
369,824.093689
2644,824.124512
3499,824.130615
1288,824.154968
2407,824.196411
1555,824.223022
947,824.244873
3389,824.24939
891,824.271606
1663,824.276123
56,824.286377
2926,824.291199
2688,824.300598
85,824.304749
3809,824.318115
2036,824.328674
3728,824.331482
2103,824.371277
2488,824.372131
2142,824.377563
2252,824.39447
1258,824.418823
2849,824.419434
678,824.420959
1316,824.428162
1386,824.446228
1868,824.450073
3289,824.473572
3546,824.495667
396,824.499939
122,824.52063
1748,824.526917
3413,824.528564
3842,824.557434
687,824.566467
1075,824.575256
182,824.579041
2127,824.580933
1696,824.586609
404,824.588379
3152,824.592346
2989,824.63031
3503,824.650208
2850,824.661011
117,824.737427
806,824.745117
2826,824.747986
2294,824.765442
1312,824.767822
3411,824.768005
2225,824.768127
676,824.773926
3622,824.778625
2770,824.790222
2772,824.798035
3393,824.798584
2482,824.810181
3220,824.819763
2647,824.837952
1955,824.851746
1781,824.872742
3246,824.916992
1232,824.932129
1753,824.945618
74,824.958923
2045,824.959595
670,824.96228
1752,824.984192
2588,825.032898
3823,825.039001
2465,825.05304
1399,825.065613
3767,825.073853
3988,825.087585
2114,825.102966
3731,825.120728
3747,825.155212
3949,825.165222
1251,825.188965
2712,825.205627
3807,825.217651
3165,825.221313
3288,825.227234
18,825.24646
1867,825.260681
3681,825.267883
2068,825.281677
3575,825.284668
624,825.311279
75,825.319153
1978,825.383057
1282,825.391968
2747,825.401855
1107,825.409973
1178,825.423279
802,825.446472
3240,825.451782
2243,825.452759
846,825.473022
1231,825.483765
3992,825.500854
1015,825.512939
506,825.553345
1575,825.582458
38,825.631897
3468,825.633484
1956,825.655884
1582,825.664978
2249,825.679626
4068,825.753113
2030,825.763672
853,825.79126
2655,825.826538
1308,825.845886
2102,825.856201
2891,825.865479
1611,825.876953
3438,825.897644
1223,825.89801
528,825.923584
939,825.92395
696,825.972168
733,825.983459
2813,825.98999
3119,826.011292
274,826.039795
3485,826.056885
3176,826.063049
2821,826.071411
234,826.08728
3044,826.101929
2119,826.147888
762,826.203674
3993,826.215759
60,826.240784
2132,826.257629
1743,826.270325
12,826.27063
1151,826.2901
2738,826.299744
3111,826.31665
3545,826.327087
4043,826.335266
3980,826.367249
2406,826.372498
3161,826.402466
2116,826.427917
1005,826.442383
2909,826.443909
138,826.452698
2160,826.476807
2536,826.477783
717,826.481567
662,826.489197
4054,826.493408
3682,826.519714
726,826.52594
1531,826.529236
2841,826.545654
1278,826.593933
1467,826.645813
3464,826.649353
55,826.671021
1071,826.69812
3027,826.699951
596,826.713135
1384,826.742554
810,826.758789
2167,826.798706
3171,826.806091
2253,826.82489
882,826.84552
3379,826.847961
2614,826.880859
496,826.904541
1633,826.932007
1910,826.94397
1295,826.951355
3906,826.954407
2487,826.956787
3523,826.959167
3884,826.963379
50,826.978943
2901,826.996826
1140,827.007141
2523,827.02417
612,827.045471
3341,827.064758
3548,827.065002
3806,827.068115
3050,827.087341
2181,827.089539
926,827.092102
3763,827.112488
599,827.120239
2873,827.127869
1922,827.203369
2583,827.212036
3128,827.212463
1714,827.217346
3202,827.233398
2201,827.247009
1874,827.255981
3467,827.258423
242,827.26709
1203,827.27417
1218,827.284485
3987,827.334717
3730,827.337891
1561,827.341064
2540,827.341675
484,827.344421
2306,827.377869
3024,827.394409
2589,827.414001
2581,827.417053
850,827.417236
1348,827.442078
1838,827.444763
826,827.47229
1432,827.478455
866,827.481445
994,827.507996
1671,827.582458
873,827.639771
1340,827.651184
766,827.651855
4004,827.674133
3046,827.68396
817,827.686157
2745,827.696655
3395,827.700989
1619,827.744995
3433,827.775024
2908,827.796936
319,827.812683
2930,827.828186
3198,827.829529
3448,827.830017
2710,827.834473
3947,827.834778
3231,827.840759
1821,827.860046
569,827.866394
2664,827.87561
1074,827.876892
1660,827.91449
236,827.922607
3818,827.967712
780,827.97406
968,827.98114
1341,827.996643
2430,828.064392
3974,828.076172
2254,828.114441
2458,828.13324
1424,828.167297
2486,828.169373
1397,828.183899
3164,828.184631
1492,828.185425
2510,828.185852
2595,828.18811
1589,828.200256
3484,828.296692
1012,828.3255
1067,828.338501
1594,828.360168
2371,828.375122
3721,828.376221
2073,828.417908
3405,828.418213
3555,828.424438
2877,828.42572
1560,828.429138
3635,828.430908
2928,828.443726
2570,828.443787
3521,828.456604
2937,828.462524
2375,828.484436
3879,828.501526
25,828.530457
700,828.53125
473,828.540527
3841,828.542297
2636,828.558472
3527,828.564331
1796,828.60498
278,828.605896
3479,828.623169
2542,828.654663
2079,828.654907
2681,828.671631
2593,828.685547
314,828.696228
3695,828.696655
2216,828.698547
2380,828.709778
2365,828.735168
1814,828.743835
1584,828.744995
3885,828.757812
2895,828.767273
3669,828.774597
2559,828.781067
3793,828.789307
1907,828.804993
4095,828.805725
4008,828.806763
267,828.823303
1928,828.828857
3482,828.830322
635,828.833801
1606,828.844543
324,828.84729
40,828.856567
1309,828.874268
1202,828.891724
2495,828.916443
1466,828.927795
3488,828.956787
1426,828.96582
3443,828.983704
2307,829.038513
777,829.039185
2257,829.067566
3194,829.094666
1915,829.108093
421,829.111694
2720,829.117371
888,829.124939
1007,829.12616
367,829.162354
1033,829.178223
1024,829.185242
884,829.199463
980,829.208801
3941,829.224854
1829,829.231018
1183,829.276794
1457,829.282471
4007,829.288086
3293,829.303345
2308,829.329407
1556,829.329895
2392,829.344666
2214,829.362
444,829.415588
975,829.418579
1885,829.424438
2545,829.431213
1687,829.469849
3617,829.472839
4064,829.479553
3267,829.48407
921,829.503113
730,829.505554
2680,829.517273
2787,829.523621
2765,829.532715
3627,829.534973
3474,829.553101
2435,829.5578
1050,829.564819
1118,829.579224
818,829.580627
225,829.594238
1339,829.598572
844,829.607422
1830,829.621277
1621,829.623474
1635,829.626587
2403,829.639771
2851,829.646179
1197,829.65979
3197,829.668701
3337,829.675781
3591,829.695923
2351,829.717468
2814,829.72168
464,829.732239
2942,829.743652
2606,829.774475
2571,829.788879
2331,829.811218
3698,829.828552
1256,829.90155
1077,829.918457
1195,829.920715
1438,829.934998
1344,829.958313
1807,829.985229
66,829.994751
1546,830.014587
2521,830.017822
3492,830.034607
3557,830.048401
3701,830.048706
2490,830.05304
1428,830.073975
2951,830.082153
1904,830.094971
1412,830.107788
2812,830.11731
173,830.158508
497,830.163696
465,830.16571
2502,830.17926
3130,830.184143
3301,830.223816
927,830.240906
3882,830.241516
3006,830.247314
3832,830.248352
3358,830.279602
3300,830.288452
3543,830.295105
1201,830.315247
1313,830.321106
1092,830.323547
1926,830.328613
3632,830.39502
3071,830.417053
1250,830.419312
1504,830.432068
2899,830.432617
3651,830.446838
248,830.447083
1540,830.450134
1749,830.479309
2676,830.481018
759,830.484131
3638,830.485352
2296,830.50946
2815,830.547852
580,830.60083
3099,830.609741
2140,830.626038
208,830.634766
1603,830.657898
2883,830.665527
232,830.700134
3016,830.705261
4076,830.730896
130,830.731567
4091,830.741455
347,830.742981
475,830.746643
912,830.752686
917,830.753296
3221,830.790222
627,830.801392
1776,830.805542
2607,830.830261
526,830.84137
1719,830.87854
869,830.888489
4096,830.914429
716,830.919006
1537,830.927246
2832,830.942932
221,830.967102
1789,831.020508
928,831.027649
3564,831.029541
4088,831.031494
593,831.04126
2727,831.0448
3678,831.075867
3190,831.081604
3836,831.082458
1291,831.095276
3531,831.10437
3307,831.114441
1452,831.140198
214,831.14325
3541,831.147034
864,831.148743
1209,831.171143
3228,831.182495
4075,831.197693
3989,831.254272
1174,831.270203
2718,831.278625
521,831.297424
82,831.297852
1785,831.310181
2880,831.310425
2932,831.315674
1267,831.339783
2625,831.351929
1296,831.353577
1472,831.353699
1066,831.356812
1653,831.37561
2151,831.385742
3297,831.405701
3205,831.427551
1559,831.43512
3614,831.440002
3495,831.442261
3522,831.442444
258,831.448914
302,831.471375
2936,831.472351
1933,831.507507
1557,831.544128
3487,831.573486
381,831.583496
3822,831.58844
4059,831.588928
120,831.611694
3030,831.615723
32,831.618591
3863,831.621216
2221,831.626892
2739,831.637451
2898,831.639099
3369,831.649414
2413,831.669861
3981,831.675842
2707,831.704529
492,831.715454
2527,831.742737
3924,831.748352
1706,831.752563
4040,831.753662
1038,831.760864
2732,831.788879
2345,831.793152
3918,831.79718
2944,831.799194
2342,831.804382
1204,831.823792
3316,831.834534
3952,831.841797
2994,831.851624
1109,831.85907
1644,831.859314
1026,831.879395
999,831.9198
2239,831.932983
3178,831.936157
2244,831.947021
3145,831.961548
1445,831.970154
3219,831.981812
2105,831.982849
3852,831.998169
108,832.001648
1047,832.002441
3514,832.006409
4050,832.013123
3707,832.021118
2411,832.037231
4052,832.03772
3942,832.05542
1916,832.058472
1436,832.082886
1430,832.094666
345,832.119019
476,832.121765
3051,832.13623
2346,832.159241
1995,832.160828
1932,832.164185
1247,832.171692
2922,832.193665
7,832.208008
1964,832.209351
2621,832.240051
2152,832.266235
862,832.270142
1678,832.274475
3984,832.287231
2187,832.291931
1873,832.299744
249,832.305725
4098,832.374451
1651,832.377014
1482,832.380493
3372,832.390198
1849,832.414429
1134,832.416687
3419,832.448059
641,832.452698
1641,832.453247
3978,832.474365
185,832.478027
1380,832.513123
1023,832.513184
1275,832.519653
3951,832.529175
206,832.546143
578,832.55011
3038,832.551147
1465,832.589722
1815,832.589722
3441,832.606079
2242,832.607117
909,832.62677
1787,832.633545
3227,832.638855
2507,832.656677
2955,832.657349
1361,832.667725
1795,832.68634
4032,832.691589
2763,832.693176
2859,832.699402
339,832.706604
468,832.707947
3689,832.719116
1154,832.740051
2298,832.747681
3325,832.753113
3332,832.772888
2192,832.784485
1534,832.78894
2019,832.794067
3794,832.798767
793,832.811707
910,832.811707
3333,832.815247
3940,832.84021
658,832.845581
779,832.858337
1351,832.876099
1330,832.887512
3843,832.898804
3766,832.904663
659,832.906311
1186,832.93811
916,832.938782
1810,832.942261
3139,832.952515
1391,832.973145
2277,832.973511
3134,832.978088
568,832.979675
1068,833.01416
316,833.027161
798,833.047729
738,833.071899
2823,833.089661
158,833.095215
839,833.136719
781,833.142151
452,833.146606
2796,833.165039
2665,833.165161
4070,833.167053
35,833.172485
441,833.172913
2611,833.185852
2706,833.186218
1794,833.189758
3559,833.191284
1502,833.223022
1740,833.232239
2310,833.248657
2505,833.248901
1626,833.260193
1447,833.265991
212,833.26825
2324,833.307861
1613,833.308289
2896,833.312988
1518,833.325317
2802,833.329224
830,833.329651
2071,833.363159
2320,833.387695
669,833.404175
1886,833.412292
3329,833.41803
1722,833.421265
2111,833.42749
3455,833.428589
1647,833.435059
350,833.443298
2171,833.452209
3162,833.458191
3774,833.46283
2619,833.475525
4003,833.481567
2043,833.508606
3752,833.511475
3241,833.521179
1865,833.522888
2088,833.532288
1957,833.535278
3437,833.53717
1233,833.541748
1937,833.558044
3528,833.565002
3166,833.574646
2963,833.576111
2634,833.606201
3407,833.624268
718,833.641357
3211,833.646423
1976,833.657654
2966,833.6745
3054,833.696167
1962,833.697876
2786,833.700012
799,833.700623
2353,833.704407
3930,833.728271
2767,833.75177
984,833.761841
1532,833.774109
1153,833.802368
1609,833.820068
1519,833.827698
3018,833.828735
2661,833.832153
901,833.835022
1999,833.846008
2749,833.850586
1790,833.850952
3517,833.853882
3388,833.875122
2470,833.876709
3510,833.890869
2203,833.891357
10,833.894531
636,833.910095
1549,833.91864
1674,833.925476
622,833.931946
494,833.934509
2402,833.952271
1587,833.953064
3744,833.966736
3472,833.977173
3860,833.983643
2846,833.989136
3303,834.018311
3148,834.03363
2916,834.06781
3282,834.095947
3398,834.097107
2946,834.100342
3339,834.117859
2893,834.121948
30,834.125305
41,834.128235
2929,834.141541
2659,834.145325
2585,834.147949
3020,834.166809
3109,834.167908
2408,834.173157
3977,834.17981
796,834.186157
2642,834.197205
2370,834.207703
311,834.210754
3346,834.21106
2138,834.220459
1062,834.226562
1207,834.230286
1572,834.233459
2743,834.236572
989,834.237122
1102,834.251038
2649,834.252075
1449,834.264221
210,834.273621
1365,834.281006
4083,834.283569
922,834.28833
1058,834.328369
2803,834.335876
2149,834.347717
3074,834.348511
3599,834.352234
3001,834.360718
3261,834.364929
1370,834.370056
770,834.372681
1931,834.393921
725,834.396057
3831,834.401123
1190,834.425537
1193,834.425537
3505,834.427551
1927,834.427734
1728,834.459656
469,834.462036
2455,834.471252
3762,834.477356
3245,834.482239
3853,834.505005
3022,834.531616
2022,834.533447
1832,834.535034
2526,834.539124
2605,834.545105
959,834.556824
1595,834.572693
3985,834.58075
1802,834.584656
1973,834.593872
2179,834.598083
3426,834.599854
417,834.602356
123,834.628052
4101,834.634399
1761,834.647888
2261,834.656128
155,834.659119
2327,834.666931
2367,834.668091
283,834.668823
1056,834.671143
3600,834.676147
3737,834.707581
1766,834.715027
2998,834.715332
1825,834.72522
2516,834.730957
3384,834.73407
3003,834.757996
3625,834.775513
69,834.779602
1046,834.779602
1226,834.785583
3447,834.790039
111,834.796936
897,834.804749
140,834.818481
2038,834.823242
3403,834.82782
3718,834.830383
3458,834.860901
3861,834.863037
570,834.877258
2933,834.880615
2983,834.88855
1563,834.892822
2446,834.919556
3736,834.967224
163,834.988831
1171,834.995789
2939,835.048584
2005,835.063293
2028,835.074951
2227,835.077271
3961,835.079834
2801,835.084717
807,835.131104
2056,835.134766
3177,835.140503
834,835.149292
895,835.149475
3608,835.165649
2010,835.184814
1345,835.196411
3881,835.202698
626,835.210388
447,835.239502
3096,835.239685
2356,835.241272
2586,835.246582
2425,835.250061
2602,835.305359
3963,835.307678
3526,835.308594
2683,835.317749
1755,835.323853
3345,835.342163
2237,835.354431
2236,835.361694
813,835.383789
3445,835.387024
801,835.397156
2957,835.399109
3887,835.401672
3075,835.405396
3025,835.411072
1972,835.412781
3179,835.415771
46,835.420959
1272,835.428467
2580,835.439575
2174,835.439636
566,835.452393
619,835.454895
3613,835.458435
203,835.476624
1200,835.477722
3060,835.492249
2754,835.49884
4049,835.515503
3331,835.534119
427,835.535522
2062,835.550476
3585,835.559937
2666,835.564392
2941,835.585449
1969,835.585754
136,835.603882
2153,835.606689
3738,835.612244
668,835.615356
3927,835.638184
3869,835.638245
541,835.645386
1777,835.649963
1224,835.651855
2340,835.659119
2513,835.668884
1580,835.672913
3955,835.689331
2011,835.724609
1841,835.730042
3867,835.73407
3023,835.736084
1481,835.749268
3274,835.749878
2556,835.752441
95,835.765503
2323,835.767212
2081,835.768066
2389,835.778625
530,835.800049
1329,835.812378
1707,835.813232
868,835.825745
275,835.827332
2194,835.827454
1783,835.833435
1568,835.845764
3158,835.857544
2511,835.857788
2208,835.863708
1499,835.866272
870,835.891785
3017,835.892761
2781,835.896912
442,835.897156
2172,835.897705
1909,835.910217
4011,835.9198
2070,835.927979
97,835.928101
1691,835.92981
1419,835.965576
2858,835.971252
764,835.972839
904,835.978638
1854,835.990112
3059,836.005432
2058,836.009521
504,836.014038
418,836.035522
3714,836.047485
2769,836.061523
87,836.064392
985,836.070007
2603,836.086609
1333,836.105042
1031,836.120544
1866,836.138123
2046,836.149536
53,836.150024
223,836.154846
621,836.156921
4084,836.174011
3167,836.181152
363,836.189575
3929,836.194702
133,836.202576
2162,836.214661
1322,836.219788
1148,836.231934
2136,836.237976
2378,836.248596
3687,836.252319
392,836.256104
3247,836.271301
2904,836.276855
323,836.279358
1177,836.281006
1079,836.301697
2863,836.307983
1643,836.311951
1679,836.3302
1096,836.344604
2052,836.352295
1767,836.355652
2431,836.360046
2750,836.375916
963,836.386902
3606,836.39032
1882,836.394165
1320,836.408264
1270,836.423279
3640,836.433228
2919,836.439148
2762,836.441895
3450,836.446411
1321,836.464966
4036,836.470581
1875,836.475586
2363,836.477905
896,836.489136
715,836.489197
3616,836.497437
2190,836.502319
520,836.513916
287,836.519897
370,836.524353
1664,836.533203
1997,836.536926
3356,836.566284
2385,836.57428
744,836.581055
680,836.585327
2415,836.594421
1845,836.601013
2352,836.608276
1461,836.608948
271,836.624146
2364,836.625305
2886,836.663147
3278,836.673279
1711,836.684814
2018,836.690063
2959,836.694214
876,836.703064
3144,836.706055
3579,836.712463
3657,836.7229
3576,836.724182
455,836.738708
187,836.756287
4017,836.772156
2234,836.805969
2848,836.808716
1311,836.814758
1359,836.822083
3049,836.825073
2266,836.869629
2106,836.879089
3328,836.88678
1343,836.904419
3648,836.910645
3112,836.918823
1824,836.92627
604,836.935974
1039,836.938049
4013,836.946838
2008,836.98584
2862,836.993713
2575,837.02594
3864,837.057251
100,837.062378
303,837.068726
1132,837.06897
933,837.073425
3097,837.087219
79,837.122375
103,837.137817
1485,837.141846
3412,837.177429
1734,837.182373
1515,837.18689
3076,837.189331
594,837.208496
2548,837.216431
1112,837.266174
124,837.274902
2736,837.302734
2398,837.317017
978,837.334534
3182,837.336975
2223,837.345825
1848,837.35437
2491,837.357239
3434,837.366699
4100,837.368103
512,837.389709
1287,837.395386
2459,837.407959
4029,837.426208
3580,837.436523
3649,837.441895
4006,837.446716
3966,837.44696
1372,837.450317
2624,837.457153
2099,837.467102
23,837.477478
1053,837.484192
991,837.491394
2847,837.500122
2195,837.507263
2950,837.513367
2833,837.513489
1123,837.519165
3587,837.522522
3801,837.524048
2985,837.534729
451,837.537415
3667,837.548706
660,837.549683
867,837.550476
3717,837.556763
564,837.560852
1099,837.56543
1853,837.569397
773,837.572144
2206,837.573242
2083,837.580994
797,837.583862
1368,837.597473
1683,837.597961
1216,837.611938
3222,837.622742
778,837.635559
295,837.648315
919,837.670593
2544,837.675049
2553,837.676208
3156,837.68927
3021,837.700073
2515,837.702271
2245,837.729797
290,837.741699
3364,837.759949
2061,837.763794
202,837.765381
1338,837.813843
792,837.820923
3773,837.827332
1435,837.835571
1503,837.858887
1052,837.860718
1281,837.864746
832,837.87915
2293,837.88446
3783,837.887024
1684,837.890381
3742,837.892029
3355,837.900452
1032,837.914307
330,837.924988
3489,837.929749
1234,837.941772
2107,837.944763
131,837.96991
437,837.981262
2468,837.986511
2290,838.015503
819,838.023987
1000,838.028015
3108,838.033447
3390,838.058594
2422,838.061218
848,838.061584
432,838.063965
885,838.066162
894,838.071472
184,838.083313
2931,838.092651
389,838.097351
3709,838.097961
1398,838.108826
3935,838.111633
146,838.115479
755,838.119385
2337,838.139038
2807,838.153381
2925,838.1651
946,838.168152
2215,838.174744
2956,838.182922
3786,838.187134
3287,838.187805
663,838.19812
3637,838.204163
337,838.208984
2501,838.223511
3536,838.230286
1280,838.238159
2699,838.239685
34,838.25824
3694,838.259216
1780,838.264343
1525,838.27533
1098,838.286804
2124,838.28833
1949,838.295593
3410,838.296509
2616,838.305847
1596,838.306763
1119,838.308838
1245,838.36084
795,838.362122
2746,838.362183
2618,838.365845
89,838.378967
1337,838.398865
3431,838.413391
3129,838.435608
2250,838.43866
3065,838.439453
2914,838.441162
2177,838.453796
3713,838.458679
385,838.459473
1831,838.468201
1381,838.470764
152,838.470886
567,838.475403
4028,838.494995
358,838.503784
1376,838.504822
425,838.515076
2139,838.515564
1477,838.528625
3170,838.539917
263,838.555298
264,838.556213
413,838.565002
841,838.573914
2354,838.585632
1037,838.58844
1219,838.59845
3312,838.600647
2147,838.611633
816,838.61554
1680,838.620117
3064,838.631653
906,838.633057
3739,838.635254
357,838.660217
2557,838.683044
3417,838.683167
2418,838.686646
191,838.686829
648,838.692383
2973,838.696472
1100,838.710327
2961,838.713989
335,838.716919
1649,838.717529
3601,838.717773
1478,838.722046
979,838.724976
709,838.73053
192,838.759521
346,838.785339
3133,838.787231
2396,838.787781
2965,838.798828
409,838.799377
2923,838.80304
2128,838.804138
3107,838.808777
3844,838.818542
3207,838.822998
789,838.823853
1416,838.844543
791,838.84967
2082,838.849854
483,838.854309
3147,838.86676
3317,838.870605
3181,838.874634
1411,838.875977
1520,838.885498
525,838.891663
1717,838.907715
1334,838.918396
1061,838.950745
2948,838.954834
2991,838.955505
3563,838.96582
2338,838.966309
874,838.974792
343,839.007935
3750,839.01532
1018,839.016357
156,839.016846
1658,839.01709
342,839.04126
2565,839.052734
384,839.07605
3353,839.077087
3480,839.085938
1930,839.097839
1366,839.098145
1262,839.122314
2451,839.125549
704,839.133362
3213,839.146545
631,839.163574
2751,839.163818
2276,839.166504
4045,839.168335
1511,839.170715
3449,839.177185
386,839.181824
1558,839.1828
2550,839.186401
58,839.189636
1699,839.192261
1460,839.208557
387,839.208862
2330,839.227234
2671,839.230042
1764,839.230286
2282,839.260742
3453,839.265808
2476,839.26709
3803,839.268066
458,839.300537
2788,839.30249
638,839.305969
3871,839.307434
1836,839.316772
3999,839.316956
1191,839.34021
2610,839.343323
831,839.344238
3904,839.348328
3007,839.352234
605,839.361206
2362,839.371094
1040,839.388184
2316,839.388306
878,839.391357
3875,839.392639
2048,839.392822
3699,839.396484
4071,839.398865
1034,839.406372
1738,839.41687
986,839.419922
1474,839.439331
3506,839.439331
3280,839.453857
953,839.454346
1538,839.459229
3298,839.473145
556,839.478149
1097,839.493958
1981,839.501404
3620,839.50708
1742,839.51123
450,839.531067
1182,839.535278
2313,839.549194
782,839.550293
3032,839.555664
1358,839.571289
2918,839.571899
1220,839.579956
753,839.584229
1731,839.612671
2740,839.624329
3535,839.627319
3962,839.630066
1081,839.632568
653,839.649353
1784,839.662781
1289,839.672607
890,839.683777
2876,839.707825
838,839.710754
426,839.713989
1579,839.724182
2867,839.728516
231,839.72876
2428,839.729065
3460,839.733215
154,839.736511
47,839.751648
584,839.756897
3420,839.760559
2673,839.77002
3553,839.786682
1914,839.78894
1565,839.798096
98,839.798767
1624,839.810486
1623,839.812805
148,839.826233
2798,839.83905
674,839.852722
3067,839.869385
2122,839.880432
3359,839.881287
281,839.89032
2135,839.911255
2343,839.928955
2996,839.93573
2025,839.94281
1214,839.944824
245,839.949097
2613,839.970459
1065,839.985474
416,839.992188
3828,839.99939
949,840.000549
532,840.006592
993,840.010437
1230,840.019409
1524,840.026306
3327,840.044556
2840,840.061768
3232,840.06189
3537,840.066162
3483,840.067017
1862,840.073975
2590,840.074707
3502,840.074707
1588,840.080627
2555,840.085083
3973,840.085083
1087,840.095947
218,840.113342
931,840.134827
3048,840.144897
2945,840.177002
241,840.178894
3004,840.179138
121,840.184387
104,840.186279
477,840.200073
2780,840.211609
3772,840.215271
516,840.220154
1608,840.221985
2231,840.236023
3746,840.253967
1971,840.256042
1793,840.258179
64,840.266296
3802,840.267029
3072,840.270203
1003,840.278076
2247,840.296082
3679,840.315552
1736,840.31604
3191,840.323486
4082,840.329712
747,840.351196
2150,840.354675
2725,840.363525
1522,840.369385
970,840.383118
3684,840.386536
291,840.389465
2219,840.406067
2387,840.412048
4025,840.427917
2578,840.428223
2273,840.462585
1072,840.462891
574,840.49884
3432,840.537476
3611,840.54834
3400,840.548523
378,840.549744
2566,840.55719
3210,840.561523
3118,840.574646
3183,840.590576
3716,840.593201
3279,840.593262
2086,840.594299
1199,840.598694
2031,840.599731
1173,840.60083
509,840.612793
2169,840.615906
462,840.639282
3470,840.641907
1002,840.641968
2267,840.652527
3571,840.65387
1323,840.665039
2943,840.674194
3414,840.684143
2460,840.688416
2834,840.693848
2453,840.696716
4010,840.698425
1812,840.703918
3401,840.708984
2007,840.718872
1887,840.732971
3663,840.739136
3265,840.748108
3373,840.757507
305,840.761597
1480,840.768372
1925,840.776917
1770,840.777039
3095,840.788025
3602,840.789001
3153,840.797974
1328,840.798401
577,840.807495
77,840.80896
2134,840.80957
1063,840.813232
3610,840.815063
189,840.822449
3950,840.824585
2797,840.830139
348,840.830933
2090,840.844849
2270,840.856812
3002,840.863708
226,840.86554
3155,840.87085
2204,840.878113
1086,840.890991
3233,840.906982
936,840.911011
1878,840.915588
403,840.917969
3626,840.922729
491,840.929626
1639,840.930664
3790,840.934021
2497,840.950012
1491,840.953186
61,840.961304
1863,840.963196
467,840.963928
2265,840.979248
110,840.990845
2865,841.010864
4001,841.015259
1614,841.017212
3140,841.020264
1389,841.046997
1252,841.063171
1030,841.06958
374,841.076477
942,841.104248
3157,841.114868
3029,841.116943
2300,841.121948
3416,841.130554
2159,841.140869
1229,841.149353
3907,841.150208
965,841.164124
1451,841.174316
470,841.179321
535,841.180969
2302,841.185303
1114,841.189148
128,841.193115
1176,841.199341
2473,841.206665
892,841.20874
1872,841.215027
3304,841.263977
1111,841.282959
1237,841.285339
3834,841.289185
2582,841.295166
923,841.306396
1564,841.311096
3755,841.313416
1852,841.329956
1110,841.359375
294,841.372559
2329,841.37561
118,841.383118
1103,841.384888
1422,841.393005
1966,841.398865
1686,841.411377
423,841.420044
2702,841.427246
1402,841.432617
2089,841.437134
1498,841.450378
767,841.454956
3519,841.458252
2464,841.46637
1490,841.46759
1629,841.467896
471,841.474976
1948,841.478516
289,841.489746
3275,841.494385
3236,841.495483
1212,841.49646
783,841.502808
1093,841.506287
1273,841.534485
266,841.542969
519,841.578857
141,841.582458
1453,841.589661
1798,841.609558
1208,841.609863
2935,841.615784
3196,841.621338
1585,841.63147
1020,841.632446
3598,841.632446
628,841.644043
351,841.64978
1290,841.650574
2042,841.658875
3511,841.66864
3380,841.700806
2409,841.702576
1721,841.714539
3195,841.730225
2637,841.730408
2335,841.731445
1019,841.733765
2416,841.749878
1724,841.752136
2622,841.757507
3234,841.757935
2870,841.765869
3149,841.790894
1277,841.799561
697,841.807007
52,841.809509
472,841.80957
57,841.815125
3934,841.815613
3005,841.819092
649,841.821777
114,841.831421
3028,841.835876
3286,841.845825
3745,841.847168
643,841.849731
2381,841.855347
990,841.855774
2055,841.859192
1463,841.866516
2534,841.867737
1883,841.870178
3357,841.876892
2773,841.889099
4066,841.91156
2301,841.914917
558,841.921997
3409,841.925781
2069,841.927917
91,841.931641
147,841.942566
1716,841.956116
722,841.965637
973,841.973083
2591,841.989136
1884,841.990479
3946,841.995422
500,841.997253
1970,841.99939
3589,842.002136
3423,842.016235
3493,842.016785
3568,842.023987
615,842.026672
332,842.053711
4046,842.05542
3595,842.058594
1429,842.061584
388,842.06604
1899,842.072876
3259,842.081787
3756,842.083862
3310,842.084412
1187,842.096497
2756,842.108826
482,842.116089
1070,842.121826
3362,842.122498
1720,842.122925
3792,842.131104
3636,842.163452
1950,842.163818
3223,842.16748
3263,842.168274
1473,842.180237
2097,842.206726
1083,842.218018
3091,842.234802
2808,842.242432
1513,842.26001
2404,842.263062
549,842.265869
2838,842.270752
1803,842.306458
4023,842.315125
938,842.340759
751,842.34436
3578,842.347107
1763,842.347412
748,842.348083
3944,842.353271
355,842.373047
43,842.385132
3788,842.393005
2694,842.394531
2394,842.394653
1898,842.399902
3507,842.405212
2295,842.418396
3647,842.425232
1165,842.427246
2332,842.460632
3577,842.495544
2825,842.496948
2165,842.497375
3719,842.507568
3083,842.509399
514,842.533142
422,842.53363
2869,842.538208
2492,842.546936
1859,842.560547
2704,842.563965
3967,842.573303
861,842.580383
3451,842.580505
1607,842.58197
2166,842.58551
2638,842.592896
454,842.595886
694,842.606995
3452,842.607056
1259,842.636902
1127,842.640503
543,842.641113
2623,842.644775
161,842.649048
600,842.654541
459,842.65509
2538,842.658264
3897,842.659302
412,842.661804
96,842.665161
971,842.666687
1141,842.674744
625,842.683105
776,842.684937
265,842.695251
740,842.698914
1562,842.708496
2940,842.708923
2839,842.722046
466,842.723022
602,842.736877
3644,842.745239
3285,842.759705
3538,842.76123
2531,842.771484
2856,842.775757
3607,842.785522
1257,842.796082
68,842.806152
2414,842.806641
2032,842.809204
115,842.810669
1704,842.834473
524,842.837524
1929,842.846313
4024,842.847046
507,842.847168
3365,842.847229
2175,842.848938
2496,842.853271
2438,842.853638
902,842.856995
786,842.871033
3090,842.871704
2737,842.876038
675,842.880066
2716,842.886353
3816,842.887024
1842,842.890442
3352,842.896973
3053,842.898254
3969,842.909668
2776,842.911316
2309,842.915894
905,842.917847
3910,842.920593
935,842.923462
3712,842.940002
410,842.942139
181,842.946228
246,842.976746
1239,842.988464
445,842.992126
690,842.998901
2741,843.005615
2004,843.006531
3035,843.020752
460,843.025391
962,843.043091
2775,843.048218
1820,843.051758
1487,843.052002
1364,843.059814
804,843.061829
987,843.083374
1891,843.083679
1130,843.085571
2905,843.105469
3509,843.114624
913,843.123779
617,843.124817
2065,843.132446
2285,843.135986
1697,843.136414
3540,843.144348
3798,843.145691
1536,843.149963
1497,843.151733
1006,843.16333
557,843.164246
3340,843.164368
2975,843.173523
3939,843.177795
21,843.195984
371,843.214355
672,843.217102
3218,843.22937
3034,843.230225
2981,843.238647
3872,843.240723
1152,843.246826
3850,843.250427
438,843.256775
1382,843.26355
2148,843.26947
391,843.284119
3740,843.286865
1897,843.303589
3865,843.316467
1113,843.317017
1942,843.32428
3465,843.328979
2037,843.331055
1136,843.346863
1354,843.348755
967,843.350525
4103,843.352478
1625,843.355042
2093,843.356262
1946,843.366272
3735,843.37439
565,843.388367
2735,843.388489
2564,843.389221
1533,843.389893
2771,843.391846
2533,843.40625
2360,843.408203
1305,843.426147
3666,843.426575
1142,843.427734
3512,843.429626
1076,843.430359
17,843.434692
3045,843.439453
3796,843.44458
3382,843.448059
2791,843.455933
875,843.457275
3150,843.466003
341,843.473572
4062,843.476624
1576,843.476868
1977,843.485413
3551,843.487427
211,843.493286
3200,843.49408
1745,843.502991
167,843.521118
1574,843.527466
3896,843.555786
3187,843.557922
1029,843.558411
3473,843.55896
306,843.562866
2178,843.567749
2921,843.574341
487,843.575562
835,843.587463
2123,843.592957
70,843.609375
3515,843.613342
1715,843.625122
1089,843.641602
2949,843.642578
1604,843.650513
3518,843.650574
2734,843.659424
3646,843.669189
165,843.673645
505,843.674438
193,843.679199
2789,843.691467
3757,843.696289
3084,843.704529
327,843.706787
1379,843.713806
336,843.716797
3268,843.736023
1138,843.740234
3056,843.74823
2436,843.760132
1806,843.765381
702,843.766724
2248,843.783203
837,843.793701
3012,843.806213
3758,843.821045
2218,843.824829
3141,843.834229
2670,843.842163
937,843.848206
1121,843.851685
1605,843.855164
2228,843.857483
2472,843.860596
2368,843.884155
2884,843.890015
2686,843.900452
3920,843.901917
3604,843.902771
3428,843.923279
3893,843.92511
3201,843.926025
3335,843.935242
2804,843.938965
610,843.946777
4085,843.953491
1839,843.957581
3496,843.961243
3255,843.965332
394,843.970032
1553,843.982483
3229,843.987488
2662,843.993225
1750,843.996216
1124,843.997498
2518,844.001831
1297,844.004883
887,844.008423
1771,844.016113
2561,844.022766
3765,844.02356
1331,844.027039
1855,844.027649
3387,844.027954
1409,844.044006
301,844.044128
1120,844.049133
3824,844.059692
1060,844.060242
1494,844.063416
1974,844.065857
2692,844.066895
220,844.081726
774,844.086914
1335,844.093567
749,844.099121
945,844.103455
1298,844.115906
3168,844.116089
3302,844.128113
554,844.143494
3217,844.149597
765,844.150391
3720,844.15271
1489,844.158142
2275,844.161133
2235,844.161804
1827,844.163391
1493,844.167908
2262,844.176941
1655,844.195374
48,844.201782
915,844.206665
3547,844.215515
2711,844.218445
809,844.22052
743,844.226501
2466,844.234741
3829,844.246216
2471,844.254272
4097,844.257996
849,844.262146
3671,844.268188
3418,844.269165
948,844.269714
3641,844.269958
1535,844.27533
1654,844.31134
854,844.314087
1427,844.319153
3854,844.32019
3386,844.325745
517,844.334106
1661,844.346802
1044,844.348206
2450,844.349121
2051,844.352783
822,844.353577
671,844.358521
1879,844.361694
257,844.369019
1028,844.371277
449,844.396973
3775,844.404114
3785,844.416504
2793,844.449707
9,844.46167
1471,844.47168
2524,844.476074
2721,844.484436
2842,844.486816
3650,844.487122
1765,844.489075
531,844.489685
4031,844.49292
113,844.496887
2987,844.498901
1759,844.504883
3290,844.504883
1408,844.517334
667,844.532959
2448,844.537231
1051,844.567505
1319,844.580017
3781,844.581726
707,844.583008
1045,844.584229
2999,844.59552
1383,844.596313
1415,844.609436
3615,844.619507
377,844.620239
1979,844.624573
3209,844.624634
1693,844.633911
3085,844.635193
943,844.637207
2401,844.638
2054,844.652527
1010,844.660095
2682,844.660828
3880,844.672424
1462,844.678833
4074,844.688171
3777,844.697632
1615,844.700623
2286,844.706848
2489,844.712158
3686,844.736877
2573,844.739258
3425,844.745056
3925,844.747803
1222,844.754395
3630,844.754944
2202,844.756042
2064,844.757263
2193,844.762451
2176,844.763428
2971,844.765564
299,844.767944
2520,844.768005
3827,844.772278
3283,844.775574
71,844.776184
1988,844.777283
170,844.783936
2584,844.805176
260,844.805359
1095,844.816284
2269,844.823914
3086,844.833069
1170,844.837585
1762,844.837952
2897,844.839844
1774,844.852356
1650,844.856506
893,844.863464
847,844.876343
1243,844.878052
2529,844.879089
1813,844.880737
1443,844.881592
3058,844.882996
2384,844.896118
199,844.896362
300,844.900757
3902,844.909851
2567,844.912781
2322,844.917297
2016,844.919312
201,844.926392
3366,844.929565
889,844.930481
284,844.932678
591,844.940002
3415,844.941284
349,844.941589
2992,844.953308
2480,844.96405
573,844.972046
3391,844.980347
2672,844.989746
1486,844.993225
4018,845.002502
3749,845.00293
1285,845.007385
1221,845.012512
769,845.013
72,845.036072
3817,845.040955
3392,845.047241
2456,845.047791
233,845.067261
1085,845.071289
1168,845.075134
1652,845.076965
1618,845.077576
1991,845.078918
73,845.086731
3175,845.090759
2977,845.091675
2328,845.092468
3294,845.097839
941,845.114502
1126,845.133545
1828,845.137207
2157,845.13855
3990,845.142639
1530,845.143433
2500,845.147888
3957,845.153809
3593,845.165955
250,845.187866
2095,845.193665
1648,845.197876
685,845.220581
3318,845.237976
2648,845.23938
932,845.240479
1371,845.245667
1739,845.24939
689,845.251892
1342,845.268127
3726,845.27417
734,845.286316
958,845.288269
2912,845.288513
3998,845.300964
686,845.301697
2774,845.30603
997,845.311096
1656,845.315552
2289,845.322388
2263,845.325806
534,845.336243
3137,845.347351
655,845.35675
13,845.358032
851,845.359741
2572,845.362427
2902,845.378479
2017,845.396729
877,845.399109
684,845.402466
3,845.41156
3789,845.413086
3797,845.423889
2287,845.424866
3995,845.435059
2645,845.443298
3160,845.447937
1185,845.456787
3621,845.460571
2087,845.470764
2499,845.471008
36,845.483337
1881,845.485596
3911,845.488342
2818,845.494446
2663,845.502502
149,845.502808
760,845.508118
3724,845.511108
419,845.517029
3375,845.520081
1516,845.520264
3260,845.5224
3244,845.52832
2379,845.532104
2828,845.534546
434,845.538147
691,845.539795
527,845.545105
157,845.548096
688,845.548401
334,845.548767
2224,845.550537
4058,845.553467
2185,845.578918
1414,845.591187
3271,845.598328
1,845.60376
2882,845.628418
2599,845.632141
3342,845.643799
3857,845.646484
3703,845.654358
3421,845.662903
972,845.668945
2280,845.68219
2075,845.683167
3795,845.695496
3764,845.71344
1598,845.713989
3235,845.719116
536,845.720276
2021,845.725952
2376,845.735229
361,845.750732
3429,845.75293
1729,845.754822
3336,845.758667
3779,845.767639
2417,845.768127
1712,845.768677
31,845.77356
1357,845.779053
1960,845.78064
1108,845.784302
784,845.788879
757,845.790222
1662,845.794678
581,845.799744
2594,845.802917
1417,845.80658
3619,845.81134
2297,845.830078
2679,845.832031
673,845.842346
2443,845.844849
2730,845.857422
2980,845.857605
282,845.868225
3693,845.870422
1088,845.87439
823,845.881409
2817,845.881958
499,845.882446
2537,845.888672
3732,845.890381
2617,845.89563
4026,845.897278
855,845.89917
2477,845.901306
960,845.904053
397,845.910767
3208,845.911255
3314,845.922791
2547,845.924988
2333,845.926025
1918,845.928528
3338,845.932983
1434,845.934204
1701,845.934387
11,845.939575
2587,845.943359
1983,845.943848
463,845.949463
1822,845.94989
80,845.95813
3295,845.961121
1510,845.966736
2130,845.96991
3078,845.976807
4055,845.996582
3114,845.999329
196,846.004761
2816,846.009399
3912,846.011292
400,846.011719
1286,846.013611
548,846.016418
2968,846.021057
589,846.022095
2405,846.024536
1475,846.02887
1125,846.02948
207,846.035339
3665,846.041321
1602,846.049927
515,846.054382
2715,846.058716
3172,846.060852
1094,846.065918
1811,846.080078
2283,846.085449
2915,846.093323
3077,846.098633
2633,846.101318
3919,846.105103
200,846.120544
1959,846.121216
562,846.123413
4016,846.125122
2911,846.128113
872,846.13092
2753,846.134766
373,846.140625
2979,846.142517
1989,846.165588
3385,846.167969
2168,846.182007
353,846.18689
3668,846.190247
3370,846.196411
2906,846.199646
1101,846.203735
424,846.205627
1159,846.20636
4044,846.217224
3363,846.21991
3105,846.221619
2990,846.221863
276,846.222351
692,846.22345
1310,846.227478
1851,846.2276
2512,846.228821
3237,846.237122
2319,846.24823
3026,846.252869
1279,846.256592
1306,846.257324
3120,846.257812
2154,846.259094
2357,846.259949
547,846.273865
493,846.2771
3154,846.288269
1292,846.297729
3249,846.300842
2274,846.306702
3180,846.3078
2427,846.32312
1757,846.323242
1238,846.329346
2782,846.337036
3892,846.338379
3351,846.338562
2627,846.339905
3319,846.347656
1668,846.353149
1059,846.359436
3702,846.360413
2612,846.368286
237,846.368958
2410,846.37384
3567,846.374634
1084,846.375366
522,846.37561
2608,846.377441
1236,846.377563
401,846.381104
3826,846.386597
365,846.387573
1355,846.388
3383,846.394348
771,846.397949
1206,846.399536
739,846.399902
1642,846.407288
4069,846.411499
1548,846.414062
453,846.41449
1578,846.419983
269,846.42395
2924,846.431885
2183,846.434204
139,846.439514
2592,846.441101
4061,846.441162
3430,846.451294
880,846.455627
2724,846.461426
1155,846.46991
821,846.471558
2879,846.473877
486,846.474548
3811,846.47522
2386,846.484924
24,846.493408
2463,846.495728
313,846.499695
2836,846.500916
3098,846.512756
3203,846.521729
379,846.522217
3970,846.529297
918,846.529663
495,846.544617
44,846.547424
4005,846.549744
2029,846.551758
2358,846.562805
996,846.563599
1920,846.564209
1775,846.579712
1912,846.580444
2077,846.596863
3675,846.603455
2374,846.604858
1470,846.615417
2213,846.616638
1799,846.618408
3089,846.622803
2964,846.625854
2117,846.627319
244,846.640808
3123,846.664124
1800,846.665283
3550,846.666687
2033,846.667603
657,846.671143
706,846.679504
3855,846.684326
255,846.688721
261,846.703003
456,846.707214
1528,846.717041
2760,846.719604
2388,846.722229
1834,846.730286
701,846.736206
3169,846.740601
988,846.746216
99,846.756775
1542,846.75824
2143,846.764221
4092,846.776367
2437,846.777283
2382,846.777466
479,846.782471
3081,846.786926
616,846.789612
681,846.795227
503,846.801941
2050,846.811584
2861,846.812622
2889,846.819885
1846,846.833191
1446,846.833557
829,846.833862
1144,846.834534
3226,846.843201
228,846.845642
4089,846.848816
1527,846.852356
3530,846.857239
2026,846.862732
254,846.862915
2726,846.866821
1744,846.867493
2076,846.870667
312,846.87854
542,846.882751
3533,846.905762
3135,846.906982
3381,846.91748
1271,846.922729
2094,846.92511
1406,846.93988
1690,846.948242
2695,846.954102
3771,846.963501
2700,846.966614
898,846.967102
3804,846.976257
883,846.977173
2361,846.981323
186,846.990051
3890,846.990967
2508,846.999512
3722,847.000916
579,847.005066
2281,847.013306
2615,847.019592
3819,847.024414
3677,847.049927
262,847.050415
308,847.050842
656,847.05304
964,847.056274
1640,847.062988
3814,847.066711
820,847.074768
3558,847.074768
304,847.078735
3508,847.089966
3534,847.091675
270,847.091797
1554,847.100098
2391,847.100525
498,847.105164
27,847.112183
1249,847.120728
3206,847.140137
3922,847.142395
3883,847.143494
2339,847.156311
321,847.157654
1346,847.16095
630,847.163147
2696,847.164062
3057,847.180237
2191,847.183838
2757,847.186951
750,847.199341
172,847.209778
2258,847.209961
1941,847.21698
679,847.220032
1387,847.234558
168,847.236328
677,847.23999
2809,847.245544
2806,847.247314
3676,847.249023
457,847.250488
112,847.264038
2096,847.267578
614,847.275024
3645,847.28241
1593,847.295166
3068,847.300354
3837,847.303711
3760,847.305908
1048,847.307983
2044,847.312317
29,847.318848
4027,847.318909
2110,847.319031
3539,847.325928
3588,847.328796
3554,847.333862
644,847.335388
3972,847.347656
1161,847.349121
59,847.350281
2827,847.353455
2766,847.354492
151,847.354675
3126,847.358093
4093,847.358154
1871,847.359985
2141,847.364014
2494,847.364319
2256,847.388367
1349,847.39209
3933,847.393738
2092,847.395691
2656,847.398132
222,847.39978
836,847.412781
1541,847.428101
2125,847.429199
1410,847.435425
3692,847.449158
1630,847.450867
510,847.455688
179,847.470764
2744,847.471802
215,847.473877
2733,847.478149
2118,847.484985
3631,847.491699
1512,847.494629
1444,847.495789
775,847.502075
3725,847.516541
219,847.525085
2304,847.525513
1844,847.535645
858,847.535828
4000,847.543701
3039,847.549622
1225,847.552368
461,847.553772
3683,847.561035
842,847.561707
3040,847.575623
2279,847.579285
2230,847.583374
188,847.603882
597,847.608521
540,847.610168
1508,847.614319
3281,847.629578
3909,847.634888
318,847.65564
1042,847.658569
253,847.670471
3299,847.678772
1547,847.681702
3761,847.681885
3184,847.692505
1418,847.694214
3010,847.694641
3753,847.696899
3916,847.700256
1610,847.715027
2163,847.730774
3723,847.731628
4038,847.739868
3886,847.742065
1804,847.743286
4067,847.750366
142,847.751709
3782,847.759827
1526,847.761414
1396,847.762695
1506,847.763123
359,847.768677
920,847.769226
3996,847.7724
1591,847.772461
42,847.782104
1681,847.784973
488,847.803833
176,847.804443
1363,847.806702
745,847.811096
2318,847.814392
2984,847.816406
585,847.834534
1054,847.835144
1601,847.843323
1571,847.851013
511,847.862061
1440,847.862915
2442,847.895569
3751,847.898193
3320,847.900696
227,847.908691
2728,847.917114
2677,847.918823
2845,847.920837
2440,847.921265
559,847.922913
105,847.939514
243,847.947937
601,847.957886
682,847.959778
3932,847.963867
2703,847.973511
1913,847.98822
2844,847.996216
1500,847.997253
414,847.997375
4051,847.998474
3125,847.998901
3491,848.001343
3706,848.013672
375,848.014343
1041,848.020386
3628,848.022095
1645,848.024414
2126,848.02478
3378,848.025635
1009,848.026062
2697,848.026245
3399,848.028687
2993,848.036072
1441,848.041809
1261,848.045898
272,848.04834
977,848.050171
3462,848.051086
90,848.05127
3396,848.052612
2887,848.057739
1318,848.061279
1539,848.071289
3634,848.079468
3820,848.088135
1688,848.090881
2552,848.091431
2630,848.106079
3656,848.118469
3921,848.122742
1779,848.125305
171,848.125488
863,848.13208
1011,848.147583
2445,848.149475
229,848.152344
2907,848.152771
1665,848.169861
609,848.174072
632,848.175781
1864,848.18103
2020,848.185669
3272,848.18634
3199,848.188965
1992,848.189758
1833,848.191467
2790,848.198486
3015,848.199646
1014,848.199951
399,848.201538
2039,848.203918
3101,848.211121
1998,848.213501
2303,848.213501
309,848.218811
2429,848.225525
1934,848.22699
1105,848.236572
2292,848.248657
1300,848.250977
1939,848.252197
2755,848.256897
811,848.257202
2600,848.263245
1115,848.264648
3343,848.270325
2528,848.273438
3269,848.273499
2874,848.274353
1016,848.287598
587,848.292114
4060,848.296997
1027,848.317383
3833,848.32019
2698,848.327759
2722,848.328369
1395,848.329956
814,848.330139
1543,848.333313
2976,848.335632
3524,848.33667
2188,848.342957
1356,848.344177
1620,848.346924
3705,848.346924
1808,848.350525
2469,848.355408
727,848.363159
3704,848.363953
1758,848.364563
4080,848.3703
3497,848.37262
436,848.375854
3408,848.381958
2268,848.386536
934,848.387024
443,848.394409
296,848.395569
860,848.395813
1064,848.401367
2978,848.407593
3652,848.417114
1901,848.418884
2399,848.423645
1953,848.4328
132,848.446472
1180,848.450623
3306,848.455017
1843,848.455322
2091,848.456299
1205,848.459595
3868,848.460693
67,848.463867
3330,848.465332
3848,848.467346
1326,848.467529
2278,848.470398
1675,848.477539
2829,848.483276
1116,848.483398
293,848.490112
3691,848.505249
3845,848.510376
3110,848.529053
1001,848.531128
2238,848.53479
2232,848.540955
3532,848.545654
590,848.548706
3876,848.549561
763,848.55481
2549,848.556946
3322,848.56897
1569,848.577087
3439,848.580811
3348,848.58728
794,848.589844
3292,848.591553
1856,848.593323
3594,848.598328
1737,848.611755
812,848.620911
2271,848.623352
2653,848.634155
194,848.636475
2233,848.640808
1943,848.642944
2133,848.645813
63,848.646667
4037,848.649475
159,848.664001
238,848.669739
83,848.672607
2475,848.673706
2006,848.67926
4021,848.681824
3552,848.682922
2063,848.692566
4073,848.698608
2,848.710999
3151,848.711182
714,848.728394
1162,848.7323
2509,848.734436
2579,848.740112
608,848.749329
758,848.751038
175,848.753052
3915,848.75885
3094,848.770813
1217,848.789368
2752,848.792847
1583,848.804321
1676,848.804504
1754,848.816223
2794,848.822327
3354,848.825317
3087,848.836792
2484,848.869934
1747,848.87262
1213,848.876343
3069,848.882935
3266,848.884033
205,848.888489
1025,848.889587
2974,848.893677
3624,848.896362
1375,848.896912
1982,848.901733
395,848.925842
914,848.926331
1517,848.933838
288,848.937195
3605,848.941345
3440,848.941528
440,848.956177
2481,848.958618
2558,848.965576
2684,848.974243
2853,848.974792
354,848.975342
3486,848.982239
2831,848.985657
3670,848.987122
719,848.994812
3224,849.004028
3276,849.01416
983,849.014526
286,849.028259
3561,849.03595
1523,849.038452
3173,849.044617
3367,849.046692
3122,849.047607
3943,849.05365
1456,849.055115
2541,849.060242
2164,849.074402
3347,849.078491
3454,849.078735
2359,849.079102
3256,849.081848
3729,849.082642
364,849.083496
961,849.092285
2121,849.093872
583,849.098999
4086,849.098999
2800,849.102966
1773,849.104126
2467,849.104675
474,849.108704
1581,849.110901
2598,849.130981
1987,849.149109
1407,849.149292
251,849.152283
28,849.154419
2434,849.166992
420,849.195068
3805,849.196655
3812,849.20813
2395,849.210571
3791,849.210693
1837,849.213196
1325,849.214722
3239,849.230408
1984,849.230591
3759,849.257507
2546,849.257812
2641,849.260498
2820,849.263062
2120,849.270081
3376,849.27594
2668,849.278748
3971,849.28125
431,849.291809
929,849.299622
1860,849.301453
3664,849.304199
1302,849.306458
3700,849.314331
3810,849.314514
356,849.323242
1090,849.326538
3477,849.329285
664,849.334106
2383,849.334229
2969,849.336304
2334,849.337524
489,849.348877
1945,849.354919
2892,849.355103
2000,849.357178
1590,849.363403
3481,849.364563
277,849.371948
1352,849.388733
3953,849.390015
1369,849.39386
3055,849.397461
2872,849.408264
2708,849.410522
3011,849.411255
16,849.41394
2426,849.414551
2108,849.418213
815,849.419006
298,849.427185
2074,849.43573
1303,849.448181
481,849.451599
2474,849.454651
3982,849.45575
1631,849.461853
3459,849.464783
646,849.465332
3900,849.46698
3660,849.467712
1725,849.468628
3986,849.471558
840,849.473267
3424,849.47406
1043,849.482178
2015,849.48822
3673,849.490662
2098,849.49231
2631,849.509155
2875,849.521423
992,849.522461
3088,849.553528
2291,849.56897
4020,849.570679
2609,849.573303
3361,849.576538
2563,849.577576
1246,849.585327
1772,849.586121
3672,849.587341
3103,849.592346
3958,849.59845
1276,849.598938
3565,849.608521
2013,849.611633
2113,849.620667
2795,849.620972
3494,849.627136
3770,849.630127
1196,849.644836
81,849.648438
2958,849.655396
2040,849.65979
1476,849.664185
4065,849.669067
331,849.678467
2779,849.684326
3066,849.687256
555,849.694702
3928,849.696167
1735,849.707825
2211,849.711609
2658,849.713745
1566,849.72113
2325,849.724976
1080,849.731384
2461,849.737915
2259,849.742676
2452,849.744141
1394,849.750916
1314,849.762878
1013,849.763916
1514,849.764038
1936,849.765198
3769,849.768494
3469,849.768555
1961,849.773071
3908,849.788269
1244,849.790405
925,849.79425
1778,849.796326
4063,849.803162
2457,849.80658
2687,849.811768
2522,849.812805
954,849.816223
3501,849.825378
3603,849.826355
1709,849.831299
62,849.83551
712,849.84491
1317,849.858459
3344,849.860413
297,849.861328
1888,849.862732
178,849.863586
647,849.864075
3374,849.87262
2420,849.89032
2067,849.890381
572,849.896667
190,849.911987
2146,849.915344
2986,849.920654
551,849.926331
406,849.92865
3143,849.929749
588,849.933105
640,849.943726
4094,849.94696
2560,849.947144
1616,849.957764
2485,849.966553
2024,849.972046
1423,849.978943
1082,849.980652
523,849.981262
3556,849.993042
